1 3
0 1
0 0.109 0.109 0.109 
1 0.0951 0.113 0.152 
2 -0.127 0.0511 0.392 
3 -0.1 -0.0217 0.555 
4 -0.073 -0.0945 0.718 
5 0.161 -0.38 0.917 
6 0.491 -0.392 0.618 
7 0.821 -0.404 0.319 
8 0.453 0.512 -0.176 
9 0.0952 0.21 -0.214 
10 -0.263 -0.092 -0.252 
11 0.00404 -0.325 0.105 
12 0.259 -0.0962 0.289 
13 0.514 0.133 0.473 
14 0.635 0.225 0.436 
15 0.793 0.281 0.219 
16 0.951 0.337 0.002 
17 0.87 0.168 -0.269 
18 0.64 0.0131 -0.303 
19 0.41 -0.142 -0.337 
20 0.109 0.108 0.108 
21 0.109 0.109 0.109 
