0.109 0.109 0.109 
0.10679 0.10918 0.11423 
0.10318 0.10889 0.12083 
0.098265 0.10814 0.12874 
0.092175 0.10696 0.13789 
0.085025 0.10534 0.14821 
0.076933 0.10331 0.15962 
0.068017 0.10088 0.17205 
0.058394 0.098068 0.18544 
0.048182 0.094882 0.19971 
0.037498 0.09134 0.2148 
0.026461 0.087455 0.23063 
0.015187 0.083241 0.24713 
0.0037947 0.078712 0.26424 
-0.0075986 0.073883 0.28187 
-0.018875 0.068768 0.29997 
-0.029917 0.06338 0.31846 
-0.040608 0.057735 0.33727 
-0.050828 0.051845 0.35633 
-0.060462 0.045726 0.37556 
-0.06939 0.039392 0.39491 
-0.077496 0.032856 0.41429 
-0.084662 0.026133 0.43364 
-0.09077 0.019237 0.45289 
-0.095702 0.012182 0.47197 
-0.099342 0.0049816 0.4908 
-0.10157 -0.002349 0.50932 
-0.10227 -0.0097961 0.52745 
-0.10132 -0.017346 0.54513 
-0.098646 -0.025118 0.56236 
-0.094411 -0.034154 0.57965 
-0.088696 -0.044576 0.59702 
-0.081529 -0.056256 0.61431 
-0.072939 -0.069072 0.6314 
-0.062953 -0.082897 0.64815 
-0.051601 -0.097606 0.66441 
-0.038911 -0.11307 0.68006 
-0.024912 -0.12918 0.69494 
-0.0096321 -0.14579 0.70894 
0.0069001 -0.16278 0.72191 
0.024656 -0.18004 0.7337 
0.043607 -0.19743 0.7442 
0.063725 -0.21483 0.75325 
0.08498 -0.23211 0.76072 
0.10735 -0.24915 0.76647 
0.13079 -0.26582 0.77036 
0.15529 -0.282 0.77227 
0.18081 -0.29757 0.77204 
0.20733 -0.31239 0.76955 
0.23481 -0.32635 0.76466 
0.26323 -0.33932 0.75722 
0.29257 -0.35116 0.7471 
0.32278 -0.36177 0.73417 
0.35384 -0.37101 0.71828 
0.38573 -0.37876 0.6993 
0.41842 -0.38489 0.6771 
0.45187 -0.38928 0.65152 
0.48606 -0.3918 0.62245 
0.51883 -0.39063 0.59058 
0.5467 -0.38317 0.55739 
0.56977 -0.36991 0.52307 
0.58823 -0.3514 0.4878 
0.60226 -0.32821 0.45172 
0.61205 -0.30087 0.41503 
0.61778 -0.26995 0.37788 
0.61962 -0.23599 0.34044 
0.61776 -0.19955 0.30288 
0.61239 -0.16118 0.26536 
0.60369 -0.12143 0.22806 
0.59183 -0.080847 0.19115 
0.577 -0.039994 0.15478 
0.55938 0.00058187 0.11914 
0.53916 0.040329 0.084382 
0.51652 0.078695 0.050679 
0.49163 0.11513 0.0182 
0.46468 0.14907 -0.012889 
0.43586 0.17998 -0.042418 
0.40534 0.2073 -0.07022 
0.37331 0.23048 -0.096127 
0.33995 0.24897 -0.11997 
0.30544 0.26221 -0.14158 
0.26996 0.26965 -0.1608 
0.2337 0.27074 -0.17744 
0.19684 0.26493 -0.19136 
0.15956 0.25167 -0.20237 
0.12204 0.2304 -0.2103 
0.084653 0.20096 -0.21502 
0.050633 0.16968 -0.21678 
0.020992 0.13905 -0.21583 
-0.0044338 0.10914 -0.2123 
-0.025807 0.080083 -0.20635 
-0.043292 0.051962 -0.19813 
-0.057053 0.024881 -0.18777 
-0.067252 -0.0010567 -0.17543 
-0.074054 -0.025751 -0.16125 
-0.077622 -0.049102 -0.14538 
-0.078121 -0.071006 -0.12796 
-0.075712 -0.091365 -0.10915 
-0.070561 -0.11008 -0.089073 
-0.062831 -0.12704 -0.067893 
-0.052685 -0.14215 -0.04575 
-0.040287 -0.15531 -0.022791 
-0.025801 -0.16642 0.00083688 
-0.0093907 -0.17538 0.024989 
0.0087808 -0.18208 0.049518 
0.02855 -0.18643 0.074279 
0.049752 -0.18832 0.099125 
0.072225 -0.18766 0.12391 
0.095804 -0.18434 0.14849 
0.12033 -0.17826 0.17271 
0.14563 -0.16931 0.19644 
0.17154 -0.15741 0.21952 
0.19791 -0.14245 0.24181 
0.22457 -0.12432 0.26316 
0.25135 -0.10293 0.28343 
0.27787 -0.079294 0.30239 
0.30348 -0.056468 0.31974 
0.32818 -0.034599 0.33549 
0.35202 -0.013664 0.34965 
0.37503 0.0063647 0.36221 
0.39727 0.025512 0.37321 
0.41878 0.043804 0.38264 
0.43959 0.061266 0.39051 
0.45976 0.077923 0.39685 
0.47933 0.093803 0.40165 
0.49834 0.10893 0.40493 
0.51684 0.12333 0.4067 
0.53487 0.13703 0.40696 
0.55247 0.15005 0.40574 
0.5697 0.16243 0.40304 
0.58658 0.17417 0.39886 
0.60317 0.18533 0.39323 
0.61951 0.1959 0.38615 
0.63565 0.20594 0.37764 
0.65162 0.21545 0.36769 
0.66748 0.22446 0.35633 
0.68326 0.23301 0.34357 
0.69902 0.24111 0.32941 
0.71478 0.24879 0.31386 
0.73061 0.25608 0.29694 
0.74654 0.26301 0.27866 
0.76261 0.26959 0.25902 
0.77888 0.27586 0.23804 
0.79535 0.28182 0.21574 
0.81082 0.28666 0.19272 
0.82455 0.2899 0.16939 
0.83658 0.29163 0.14582 
0.84693 0.2919 0.12209 
0.85561 0.29076 0.098268 
0.86266 0.28829 0.074439 
0.86809 0.28455 0.050672 
0.87194 0.27959 0.027043 
0.87421 0.27347 0.0036267 
0.87494 0.26627 -0.019502 
0.87414 0.25804 -0.042268 
0.87185 0.24883 -0.064597 
0.86808 0.23872 -0.086414 
0.86286 0.22777 -0.10764 
0.85621 0.21603 -0.12821 
0.84816 0.20357 -0.14804 
0.83872 0.19045 -0.16706 
0.82792 0.17672 -0.1852 
0.81579 0.16246 -0.20237 
0.80234 0.14773 -0.21851 
0.7876 0.13258 -0.23353 
0.7716 0.11708 -0.24737 
0.75435 0.10128 -0.25995 
0.73588 0.085254 -0.27119 
0.71621 0.06906 -0.28102 
0.69537 0.052758 -0.28937 
0.67337 0.036411 -0.29616 
0.65025 0.020079 -0.30131 
0.62612 0.0042864 -0.30447 
0.60147 -0.0088946 -0.30442 
0.57645 -0.019365 -0.30121 
0.55115 -0.027294 -0.2951 
0.52567 -0.032848 -0.28631 
0.50011 -0.036196 -0.27509 
0.47456 -0.037506 -0.26167 
0.44911 -0.036947 -0.24629 
0.42387 -0.034685 -0.22919 
0.39893 -0.030891 -0.2106 
0.37438 -0.02573 -0.19077 
0.35032 -0.019373 -0.16992 
0.32685 -0.011986 -0.1483 
0.30406 -0.003738 -0.12615 
0.28204 0.005203 -0.10369 
0.2609 0.014669 -0.081179 
0.24073 0.024492 -0.058842 
0.22162 0.034503 -0.036918 
0.20367 0.044535 -0.015646 
0.18697 0.054419 0.0047365 
0.17163 0.063988 0.023993 
0.15773 0.073073 0.041885 
0.14538 0.081506 0.058177 
0.13466 0.089119 0.072629 
0.12568 0.095744 0.085006 
0.11852 0.10121 0.095068 
0.1133 0.10536 0.10258 
0.11009 0.10801 0.1073 
0.109 0.109 0.109 
