1 3
0 1
0 0.0924 0.0924 0.0924 
1 0.39 -0.16 0.089 
2 0.748 0.229 -0.0995 
3 0.814 0.156 0.176 
4 0.88 0.0824 0.452 
5 0.287 -0.0119 0.39 
6 0.147 -0.1 0.379 
7 0.00687 -0.189 0.367 
8 0.00954 0.0882 0.327 
9 -0.0663 0.232 0.14 
10 -0.142 0.375 -0.0457 
11 0.13 0.544 -0.0383 
12 -0.429 0.617 0.162 
13 -0.988 0.691 0.362 
14 -0.299 -0.129 0.714 
15 -0.204 0.000512 0.848 
16 -0.109 0.13 0.982 
17 0.162 0.321 0.638 
18 0.235 0.371 0.618 
19 0.308 0.421 0.598 
20 0.228 0.309 -0.0174 
21 0.0924 0.0924 0.0924 
