0.092351 0.092351 0.092351 
0.14506 0.054559 0.089999 
0.19856 0.028538 0.084641 
0.25244 0.012975 0.07705 
0.30627 0.0065552 0.068 
0.35964 0.0079654 0.058265 
0.41214 0.015892 0.048617 
0.46335 0.029021 0.039831 
0.51284 0.046038 0.03268 
0.5602 0.065632 0.027937 
0.60502 0.086486 0.026376 
0.64687 0.10729 0.02877 
0.68534 0.12673 0.035893 
0.72001 0.14348 0.048519 
0.75047 0.15625 0.067421 
0.77629 0.1637 0.093372 
0.79706 0.16454 0.12715 
0.81236 0.15744 0.16952 
0.8192 0.14455 0.21521 
0.81379 0.13116 0.25457 
0.79737 0.11741 0.2879 
0.77127 0.10332 0.31565 
0.73682 0.088932 0.33828 
0.69535 0.074269 0.35627 
0.64816 0.059364 0.37007 
0.59661 0.044252 0.38013 
0.542 0.028962 0.38694 
0.48566 0.013528 0.39093 
0.42892 -0.0020202 0.39258 
0.37311 -0.017649 0.39235 
0.31954 -0.033328 0.3907 
0.26955 -0.049025 0.3881 
0.22446 -0.064708 0.38499 
0.1856 -0.080345 0.38185 
0.15428 -0.095904 0.37913 
0.13013 -0.10952 0.37686 
0.10896 -0.1164 0.37398 
0.090245 -0.11684 0.37028 
0.073731 -0.11143 0.36562 
0.059153 -0.10077 0.35987 
0.046245 -0.085443 0.35288 
0.034746 -0.066056 0.34451 
0.02439 -0.043198 0.33462 
0.014916 -0.017465 0.32308 
0.0060585 0.010551 0.30973 
-0.0024451 0.040253 0.29445 
-0.010859 0.071048 0.27709 
-0.019445 0.10234 0.2575 
-0.028469 0.13354 0.23556 
-0.038193 0.16404 0.21111 
-0.048881 0.19327 0.18402 
-0.060797 0.22061 0.15415 
-0.072818 0.24602 0.1225 
-0.079353 0.27159 0.094155 
-0.080993 0.29745 0.069763 
-0.079139 0.32346 0.049321 
-0.075197 0.34948 0.032827 
-0.07057 0.37537 0.020281 
-0.066661 0.40097 0.011682 
-0.064875 0.42615 0.0070306 
-0.066614 0.45076 0.0063251 
-0.073282 0.47465 0.0095652 
-0.086284 0.49769 0.01675 
-0.10702 0.51972 0.02788 
-0.1369 0.5406 0.042953 
-0.17732 0.56019 0.06197 
-0.22969 0.57834 0.084929 
-0.29541 0.59491 0.11183 
-0.37589 0.60975 0.14267 
-0.46864 0.62125 0.17737 
-0.54382 0.6182 0.21509 
-0.59666 0.60005 0.25526 
-0.62937 0.56901 0.29745 
-0.64412 0.52726 0.34121 
-0.64313 0.47699 0.38611 
-0.62856 0.4204 0.43171 
-0.60262 0.35968 0.47757 
-0.5675 0.29702 0.52326 
-0.52539 0.23462 0.56833 
-0.47848 0.17467 0.61235 
-0.42897 0.11936 0.65488 
-0.37904 0.070884 0.69547 
-0.33088 0.031436 0.7337 
-0.2867 0.0032069 0.76913 
-0.24867 -0.011609 0.80131 
-0.21899 -0.010821 0.82981 
-0.19921 0.0070186 0.85397 
-0.17987 0.030533 0.8701 
-0.15753 0.055014 0.87769 
-0.13263 0.080218 0.87771 
-0.10561 0.1059 0.87111 
-0.076909 0.13181 0.85884 
-0.046981 0.15772 0.84186 
-0.016267 0.18337 0.82113 
0.01479 0.20853 0.7976 
0.045746 0.23294 0.77223 
0.076157 0.25637 0.74596 
0.10558 0.27857 0.71976 
0.13357 0.29929 0.69458 
0.15968 0.3183 0.67138 
0.18347 0.33535 0.65111 
0.2045 0.35019 0.63472 
0.22232 0.36258 0.62317 
0.2365 0.37227 0.61723 
0.2473 0.37885 0.60632 
0.25512 0.38221 0.58505 
0.26007 0.38241 0.55499 
0.26227 0.37952 0.51772 
0.26182 0.37361 0.4748 
0.25885 0.36475 0.42782 
0.25347 0.35302 0.37834 
0.2458 0.33847 0.32794 
0.23594 0.32117 0.2782 
0.22402 0.30121 0.23067 
0.21015 0.27864 0.18694 
0.19444 0.25353 0.14858 
0.177 0.22595 0.11716 
0.15796 0.19598 0.094254 
0.13743 0.16367 0.081435 
0.11552 0.12911 0.080277 
0.092351 0.092351 0.092351 
