0 0 -0.14962 
0 0.033333 -0.15296 
0 0.066667 -0.17414 
0 0.1 -0.20612 
0 0.13333 -0.24187 
0 0.16667 -0.27433 
0 0.2 -0.29647 
0 0.23333 -0.30168 
0 0.26667 -0.29009 
0 0.3 -0.26473 
0 0.33333 -0.22867 
0 0.36667 -0.18494 
0 0.4 -0.1366 
0 0.43333 -0.088832 
0 0.46667 -0.045437 
0 0.5 -0.0073492 
0 0.53333 0.02449 
0 0.56667 0.049141 
0 0.6 0.065663 
0 0.63333 0.075279 
0 0.66667 0.081432 
0 0.7 0.086515 
0 0.73333 0.092917 
0 0.76667 0.10303 
0 0.8 0.11925 
0 0.83333 0.14391 
0 0.86667 0.1794 
0 0.9 0.22818 
0 0.93333 0.29267 
0 0.96667 0.37534 
0 1 0.47862 
0.033333 0 -0.15852 
0.033333 0.033333 -0.12709 
0.033333 0.066667 -0.11096 
0.033333 0.1 -0.10557 
0.033333 0.13333 -0.10639 
0.033333 0.16667 -0.10885 
0.033333 0.2 -0.10842 
0.033333 0.23333 -0.101 
0.033333 0.26667 -0.087034 
0.033333 0.3 -0.068742 
0.033333 0.33333 -0.048364 
0.033333 0.36667 -0.028132 
0.033333 0.4 -0.01028 
0.033333 0.43333 0.0022003 
0.033333 0.46667 0.0081323 
0.033333 0.5 0.0080063 
0.033333 0.53333 0.0023128 
0.033333 0.56667 -0.0084581 
0.033333 0.6 -0.023816 
0.033333 0.63333 -0.0411 
0.033333 0.66667 -0.056313 
0.033333 0.7 -0.06696 
0.033333 0.73333 -0.070545 
0.033333 0.76667 -0.064576 
0.033333 0.8 -0.046555 
0.033333 0.83333 -0.014069 
0.033333 0.86667 0.033887 
0.033333 0.9 0.097694 
0.033333 0.93333 0.17773 
0.033333 0.96667 0.27438 
0.033333 1 0.38803 
0.066667 0 -0.1853 
0.066667 0.033333 -0.11672 
0.066667 0.066667 -0.059217 
0.066667 0.1 -0.011598 
0.066667 0.13333 0.027342 
0.066667 0.16667 0.058803 
0.066667 0.2 0.083986 
0.066667 0.23333 0.10425 
0.066667 0.26667 0.1195 
0.066667 0.3 0.12879 
0.066667 0.33333 0.13116 
0.066667 0.36667 0.12564 
0.066667 0.4 0.11127 
0.066667 0.43333 0.087295 
0.066667 0.46667 0.055002 
0.066667 0.5 0.016534 
0.066667 0.53333 -0.025973 
0.066667 0.56667 -0.070379 
0.066667 0.6 -0.11455 
0.066667 0.63333 -0.15509 
0.066667 0.66667 -0.18833 
0.066667 0.7 -0.21168 
0.066667 0.73333 -0.22256 
0.066667 0.76667 -0.21839 
0.066667 0.8 -0.19658 
0.066667 0.83333 -0.1549 
0.066667 0.86667 -0.093894 
0.066667 0.9 -0.015163 
0.066667 0.93333 0.079703 
0.066667 0.96667 0.18911 
0.066667 1 0.31147 
0.1 0 -0.22261 
0.1 0.033333 -0.11704 
0.1 0.066667 -0.017504 
0.1 0.1 0.073523 
0.1 0.13333 0.15355 
0.1 0.16667 0.22009 
0.1 0.2 0.27065 
0.1 0.23333 0.30366 
0.1 0.26667 0.3196 
0.1 0.3 0.31908 
0.1 0.33333 0.30267 
0.1 0.36667 0.27098 
0.1 0.4 0.22459 
0.1 0.43333 0.16496 
0.1 0.46667 0.095683 
0.1 0.5 0.020579 
0.1 0.53333 -0.056536 
0.1 0.56667 -0.13185 
0.1 0.6 -0.20154 
0.1 0.63333 -0.26184 
0.1 0.66667 -0.30983 
0.1 0.7 -0.34297 
0.1 0.73333 -0.3587 
0.1 0.76667 -0.35447 
0.1 0.8 -0.32773 
0.1 0.83333 -0.27669 
0.1 0.86667 -0.20343 
0.1 0.9 -0.11128 
0.1 0.93333 -0.0035417 
0.1 0.96667 0.11646 
0.1 1 0.24541 
0.13333 0 -0.26312 
0.13333 0.033333 -0.12328 
0.13333 0.066667 0.015602 
0.13333 0.1 0.14752 
0.13333 0.13333 0.26646 
0.13333 0.16667 0.36644 
0.13333 0.2 0.44145 
0.13333 0.23333 0.48681 
0.13333 0.26667 0.50335 
0.13333 0.3 0.49331 
0.13333 0.33333 0.45894 
0.13333 0.36667 0.40249 
0.13333 0.4 0.3262 
0.13333 0.43333 0.2337 
0.13333 0.46667 0.13068 
0.13333 0.5 0.02249 
0.13333 0.53333 -0.085545 
0.13333 0.56667 -0.18809 
0.13333 0.6 -0.2798 
0.13333 0.63333 -0.3565 
0.13333 0.66667 -0.41605 
0.13333 0.7 -0.45615 
0.13333 0.73333 -0.47452 
0.13333 0.76667 -0.46888 
0.13333 0.8 -0.43694 
0.13333 0.83333 -0.37756 
0.13333 0.86667 -0.29421 
0.13333 0.9 -0.19152 
0.13333 0.93333 -0.074126 
0.13333 0.96667 0.053348 
0.13333 1 0.18627 
0.16667 0 -0.2995 
0.16667 0.033333 -0.13062 
0.16667 0.066667 0.041519 
0.16667 0.1 0.20811 
0.16667 0.13333 0.36031 
0.16667 0.16667 0.48931 
0.16667 0.2 0.58627 
0.16667 0.23333 0.64327 
0.16667 0.26667 0.66081 
0.16667 0.3 0.6427 
0.16667 0.33333 0.59275 
0.16667 0.36667 0.51479 
0.16667 0.4 0.41263 
0.16667 0.43333 0.29202 
0.16667 0.46667 0.16051 
0.16667 0.5 0.024613 
0.16667 0.53333 -0.10917 
0.16667 0.56667 -0.23432 
0.16667 0.6 -0.34434 
0.16667 0.63333 -0.43423 
0.16667 0.66667 -0.50218 
0.16667 0.7 -0.54653 
0.16667 0.73333 -0.56559 
0.16667 0.76667 -0.55767 
0.16667 0.8 -0.5211 
0.16667 0.83333 -0.45563 
0.16667 0.86667 -0.36573 
0.16667 0.9 -0.25679 
0.16667 0.93333 -0.13418 
0.16667 0.96667 -0.0032827 
0.16667 1 0.13051 
0.2 0 -0.3244 
0.2 0.033333 -0.13429 
0.2 0.066667 0.061666 
0.2 0.1 0.25302 
0.2 0.13333 0.42933 
0.2 0.16667 0.58014 
0.2 0.2 0.69502 
0.2 0.23333 0.76264 
0.2 0.26667 0.78208 
0.2 0.3 0.75844 
0.2 0.33333 0.69686 
0.2 0.36667 0.60248 
0.2 0.4 0.48041 
0.2 0.43333 0.33843 
0.2 0.46667 0.18568 
0.2 0.5 0.029294 
0.2 0.53333 -0.12357 
0.2 0.56667 -0.26578 
0.2 0.6 -0.39018 
0.2 0.63333 -0.49016 
0.2 0.66667 -0.56346 
0.2 0.7 -0.60945 
0.2 0.73333 -0.62748 
0.2 0.76667 -0.61692 
0.2 0.8 -0.57713 
0.2 0.83333 -0.50901 
0.2 0.86667 -0.41748 
0.2 0.9 -0.30794 
0.2 0.93333 -0.18582 
0.2 0.96667 -0.056503 
0.2 1 0.074581 
0.23333 0 -0.33027 
0.23333 0.033333 -0.12972 
0.23333 0.066667 0.077435 
0.23333 0.1 0.28038 
0.23333 0.13333 0.4683 
0.23333 0.16667 0.63039 
0.23333 0.2 0.75582 
0.23333 0.23333 0.83089 
0.23333 0.26667 0.85295 
0.23333 0.3 0.82776 
0.23333 0.33333 0.76108 
0.23333 0.36667 0.65867 
0.23333 0.4 0.5263 
0.23333 0.43333 0.37285 
0.23333 0.46667 0.2084 
0.23333 0.5 0.040444 
0.23333 0.53333 -0.12352 
0.23333 0.56667 -0.27599 
0.23333 0.6 -0.40948 
0.23333 0.63333 -0.51572 
0.23333 0.66667 -0.59181 
0.23333 0.7 -0.63823 
0.23333 0.73333 -0.65547 
0.23333 0.76667 -0.644 
0.23333 0.8 -0.60431 
0.23333 0.83333 -0.53835 
0.23333 0.86667 -0.45093 
0.23333 0.9 -0.34691 
0.23333 0.93333 -0.23109 
0.23333 0.96667 -0.10833 
0.23333 1 0.016554 
0.26667 0 -0.31624 
0.26667 0.033333 -0.11665 
0.26667 0.066667 0.089159 
0.26667 0.1 0.29084 
0.26667 0.13333 0.47802 
0.26667 0.16667 0.64036 
0.26667 0.2 0.76748 
0.26667 0.23333 0.84519 
0.26667 0.26667 0.86989 
0.26667 0.3 0.84712 
0.26667 0.33333 0.78246 
0.26667 0.36667 0.68146 
0.26667 0.4 0.54966 
0.26667 0.43333 0.39564 
0.26667 0.46667 0.2295 
0.26667 0.5 0.059054 
0.26667 0.53333 -0.10785 
0.26667 0.56667 -0.26339 
0.26667 0.6 -0.39973 
0.26667 0.63333 -0.50786 
0.26667 0.66667 -0.58483 
0.26667 0.7 -0.63188 
0.26667 0.73333 -0.65024 
0.26667 0.76667 -0.64114 
0.26667 0.8 -0.60581 
0.26667 0.83333 -0.54682 
0.26667 0.86667 -0.46854 
0.26667 0.9 -0.37496 
0.26667 0.93333 -0.27002 
0.26667 0.96667 -0.15771 
0.26667 1 -0.041971 
0.3 0 -0.28507 
0.3 0.033333 -0.09674 
0.3 0.066667 0.096666 
0.3 0.1 0.28589 
0.3 0.13333 0.46168 
0.3 0.16667 0.61477 
0.3 0.2 0.73592 
0.3 0.23333 0.81191 
0.3 0.26667 0.83889 
0.3 0.3 0.82157 
0.3 0.33333 0.76465 
0.3 0.36667 0.67286 
0.3 0.4 0.55092 
0.3 0.43333 0.40597 
0.3 0.46667 0.24736 
0.3 0.5 0.083089 
0.3 0.53333 -0.078872 
0.3 0.56667 -0.23053 
0.3 0.6 -0.36391 
0.3 0.63333 -0.47001 
0.3 0.66667 -0.54623 
0.3 0.7 -0.59418 
0.3 0.73333 -0.61546 
0.3 0.76667 -0.61165 
0.3 0.8 -0.58436 
0.3 0.83333 -0.53635 
0.3 0.86667 -0.47126 
0.3 0.9 -0.39205 
0.3 0.93333 -0.30168 
0.3 0.96667 -0.2031 
0.3 1 -0.099263 
0.33333 0 -0.23949 
0.33333 0.033333 -0.071626 
0.33333 0.066667 0.099784 
0.33333 0.1 0.26705 
0.33333 0.13333 0.42247 
0.33333 0.16667 0.55836 
0.33333 0.2 0.66702 
0.33333 0.23333 0.73744 
0.33333 0.26667 0.766 
0.33333 0.3 0.75614 
0.33333 0.33333 0.71131 
0.33333 0.36667 0.63495 
0.33333 0.4 0.53049 
0.33333 0.43333 0.403 
0.33333 0.46667 0.2604 
0.33333 0.5 0.11052 
0.33333 0.53333 -0.038879 
0.33333 0.56667 -0.17999 
0.33333 0.6 -0.30501 
0.33333 0.63333 -0.40562 
0.33333 0.66667 -0.47973 
0.33333 0.7 -0.52891 
0.33333 0.73333 -0.55476 
0.33333 0.76667 -0.55883 
0.33333 0.8 -0.54271 
0.33333 0.83333 -0.50888 
0.33333 0.86667 -0.46004 
0.33333 0.9 -0.39814 
0.33333 0.93333 -0.32514 
0.33333 0.96667 -0.24297 
0.33333 1 -0.15359 
0.36667 0 -0.18225 
0.36667 0.033333 -0.042959 
0.36667 0.066667 0.098341 
0.36667 0.1 0.2358 
0.36667 0.13333 0.36359 
0.36667 0.16667 0.47584 
0.36667 0.2 0.56672 
0.36667 0.23333 0.62814 
0.36667 0.26667 0.65722 
0.36667 0.3 0.65589 
0.36667 0.33333 0.62608 
0.36667 0.36667 0.56975 
0.36667 0.4 0.48881 
0.36667 0.43333 0.38589 
0.36667 0.46667 0.26702 
0.36667 0.5 0.1393 
0.36667 0.53333 0.0098243 
0.36667 0.56667 -0.11431 
0.36667 0.6 -0.22601 
0.36667 0.63333 -0.31813 
0.36667 0.66667 -0.38903 
0.36667 0.7 -0.43986 
0.36667 0.73333 -0.47179 
0.36667 0.76667 -0.48599 
0.36667 0.8 -0.4836 
0.36667 0.83333 -0.46634 
0.36667 0.86667 -0.43583 
0.36667 0.9 -0.39318 
0.36667 0.93333 -0.33947 
0.36667 0.96667 -0.27578 
0.36667 1 -0.20322 
0.4 0 -0.11609 
0.4 0.033333 -0.012387 
0.4 0.066667 0.092166 
0.4 0.1 0.19367 
0.4 0.13333 0.28823 
0.4 0.16667 0.37193 
0.4 0.2 0.4409 
0.4 0.23333 0.4904 
0.4 0.26667 0.51858 
0.4 0.3 0.52586 
0.4 0.33333 0.51263 
0.4 0.36667 0.47931 
0.4 0.4 0.4263 
0.4 0.43333 0.35381 
0.4 0.46667 0.26561 
0.4 0.5 0.16741 
0.4 0.53333 0.064937 
0.4 0.56667 -0.036072 
0.4 0.6 -0.1299 
0.4 0.63333 -0.21099 
0.4 0.66667 -0.27784 
0.4 0.7 -0.33081 
0.4 0.73333 -0.37022 
0.4 0.76667 -0.39643 
0.4 0.8 -0.40977 
0.4 0.83333 -0.41065 
0.4 0.86667 -0.39959 
0.4 0.9 -0.37712 
0.4 0.93333 -0.34374 
0.4 0.96667 -0.30001 
0.4 1 -0.24642 
0.43333 0 -0.04526 
0.43333 0.033333 0.018794 
0.43333 0.066667 0.082489 
0.43333 0.1 0.14409 
0.43333 0.13333 0.20185 
0.43333 0.16667 0.25404 
0.43333 0.2 0.29892 
0.43333 0.23333 0.33477 
0.43333 0.26667 0.36049 
0.43333 0.3 0.37524 
0.43333 0.33333 0.3782 
0.43333 0.36667 0.36853 
0.43333 0.4 0.3454 
0.43333 0.43333 0.30696 
0.43333 0.46667 0.25439 
0.43333 0.5 0.19139 
0.43333 0.53333 0.12166 
0.43333 0.56667 0.048894 
0.43333 0.6 -0.0232 
0.43333 0.63333 -0.090933 
0.43333 0.66667 -0.15257 
0.43333 0.7 -0.20735 
0.43333 0.73333 -0.2545 
0.43333 0.76667 -0.29327 
0.43333 0.8 -0.3229 
0.43333 0.83333 -0.34229 
0.43333 0.86667 -0.35094 
0.43333 0.9 -0.34895 
0.43333 0.93333 -0.33641 
0.43333 0.96667 -0.31344 
0.43333 1 -0.28013 
0.46667 0 0.025436 
0.46667 0.033333 0.049262 
0.46667 0.066667 0.071011 
0.46667 0.1 0.091371 
0.46667 0.13333 0.11103 
0.46667 0.16667 0.13069 
0.46667 0.2 0.15102 
0.46667 0.23333 0.17264 
0.46667 0.26667 0.19456 
0.46667 0.3 0.21511 
0.46667 0.33333 0.23263 
0.46667 0.36667 0.24544 
0.46667 0.4 0.25187 
0.46667 0.43333 0.24839 
0.46667 0.46667 0.23344 
0.46667 0.5 0.20834 
0.46667 0.53333 0.17442 
0.46667 0.56667 0.13298 
0.46667 0.6 0.085345 
0.46667 0.63333 0.03319 
0.46667 0.66667 -0.02139 
0.46667 0.7 -0.076453 
0.46667 0.73333 -0.13005 
0.46667 0.76667 -0.18025 
0.46667 0.8 -0.2251 
0.46667 0.83333 -0.26221 
0.46667 0.86667 -0.29022 
0.46667 0.9 -0.30871 
0.46667 0.93333 -0.31728 
0.46667 0.96667 -0.31552 
0.46667 1 -0.30303 
0.5 0 0.092388 
0.5 0.033333 0.077331 
0.5 0.066667 0.058264 
0.5 0.1 0.038315 
0.5 0.13333 0.020612 
0.5 0.16667 0.0082827 
0.5 0.2 0.0044565 
0.5 0.23333 0.011602 
0.5 0.26667 0.028625 
0.5 0.3 0.053306 
0.5 0.33333 0.083426 
0.5 0.36667 0.11677 
0.5 0.4 0.15111 
0.5 0.43333 0.18155 
0.5 0.46667 0.20391 
0.5 0.5 0.21703 
0.5 0.53333 0.21977 
0.5 0.56667 0.21096 
0.5 0.6 0.18947 
0.5 0.63333 0.1548 
0.5 0.66667 0.1093 
0.5 0.7 0.05602 
0.5 0.73333 -0.001968 
0.5 0.76667 -0.061601 
0.5 0.8 -0.11982 
0.5 0.83333 -0.17314 
0.5 0.86667 -0.21949 
0.5 0.9 -0.25792 
0.5 0.93333 -0.28746 
0.5 0.96667 -0.30715 
0.5 1 -0.31602 
0.53333 0 0.15199 
0.53333 0.033333 0.10131 
0.53333 0.066667 0.044782 
0.53333 0.1 -0.012284 
0.53333 0.13333 -0.064569 
0.53333 0.16667 -0.10675 
0.53333 0.2 -0.13353 
0.53333 0.23333 -0.14072 
0.53333 0.26667 -0.12945 
0.53333 0.3 -0.10231 
0.53333 0.33333 -0.06188 
0.53333 0.36667 -0.010746 
0.53333 0.4 0.048503 
0.53333 0.43333 0.10991 
0.53333 0.46667 0.16696 
0.53333 0.5 0.21622 
0.53333 0.53333 0.25425 
0.53333 0.56667 0.27762 
0.53333 0.6 0.28289 
0.53333 0.63333 0.26732 
0.53333 0.66667 0.2331 
0.53333 0.7 0.18421 
0.53333 0.73333 0.12466 
0.53333 0.76667 0.058435 
0.53333 0.8 -0.010481 
0.53333 0.83333 -0.07779 
0.53333 0.86667 -0.14084 
0.53333 0.9 -0.19811 
0.53333 0.93333 -0.24808 
0.53333 0.96667 -0.28922 
0.53333 1 -0.32001 
0.56667 0 0.20063 
0.56667 0.033333 0.11952 
0.56667 0.066667 0.031098 
0.56667 0.1 -0.057628 
0.56667 0.13333 -0.13966 
0.56667 0.16667 -0.20801 
0.56667 0.2 -0.25567 
0.56667 0.23333 -0.27672 
0.56667 0.26667 -0.27184 
0.56667 0.3 -0.24389 
0.56667 0.33333 -0.19577 
0.56667 0.36667 -0.13036 
0.56667 0.4 -0.050543 
0.56667 0.43333 0.036943 
0.56667 0.46667 0.12377 
0.56667 0.5 0.20468 
0.56667 0.53333 0.27442 
0.56667 0.56667 0.32773 
0.56667 0.6 0.35935 
0.56667 0.63333 0.36416 
0.56667 0.66667 0.34361 
0.56667 0.7 0.30228 
0.56667 0.73333 0.24475 
0.56667 0.76667 0.17562 
0.56667 0.8 0.09947 
0.56667 0.83333 0.021115 
0.56667 0.86667 -0.056322 
0.56667 0.9 -0.13079 
0.56667 0.93333 -0.20024 
0.56667 0.96667 -0.26263 
0.56667 1 -0.3159 
0.6 0 0.23471 
0.6 0.033333 0.13026 
0.6 0.066667 0.017746 
0.6 0.1 -0.094919 
0.6 0.13333 -0.19983 
0.6 0.16667 -0.28906 
0.6 0.2 -0.35473 
0.6 0.23333 -0.3888 
0.6 0.26667 -0.39068 
0.6 0.3 -0.36358 
0.6 0.33333 -0.31073 
0.6 0.36667 -0.23535 
0.6 0.4 -0.14064 
0.6 0.43333 -0.033899 
0.6 0.46667 0.075491 
0.6 0.5 0.18118 
0.6 0.53333 0.27683 
0.6 0.56667 0.35607 
0.6 0.6 0.41257 
0.6 0.63333 0.43875 
0.6 0.66667 0.43444 
0.6 0.7 0.40435 
0.6 0.73333 0.3532 
0.6 0.76667 0.28571 
0.6 0.8 0.2066 
0.6 0.83333 0.12086 
0.6 0.86667 0.031995 
0.6 0.9 -0.057486 
0.6 0.93333 -0.14508 
0.6 0.96667 -0.22828 
0.6 1 -0.30458 
0.63333 0 0.25065 
0.63333 0.033333 0.13149 
0.63333 0.066667 0.004448 
0.63333 0.1 -0.12244 
0.63333 0.13333 -0.24116 
0.63333 0.16667 -0.34369 
0.63333 0.2 -0.42202 
0.63333 0.23333 -0.46641 
0.63333 0.26667 -0.47475 
0.63333 0.3 -0.45043 
0.63333 0.33333 -0.39683 
0.63333 0.36667 -0.31735 
0.63333 0.4 -0.21538 
0.63333 0.43333 -0.098218 
0.63333 0.46667 0.024562 
0.63333 0.5 0.14619 
0.63333 0.53333 0.25991 
0.63333 0.56667 0.35894 
0.63333 0.6 0.43652 
0.63333 0.63333 0.48333 
0.63333 0.66667 0.49729 
0.63333 0.7 0.48248 
0.63333 0.73333 0.44301 
0.63333 0.76667 0.38294 
0.63333 0.8 0.30639 
0.63333 0.83333 0.21778 
0.63333 0.86667 0.12089 
0.63333 0.9 0.018755 
0.63333 0.93333 -0.085561 
0.63333 0.96667 -0.18901 
0.63333 1 -0.28853 
0.66667 0 0.24926 
0.66667 0.033333 0.12361 
0.66667 0.066667 -0.008871 
0.66667 0.1 -0.14064 
0.66667 0.13333 -0.26413 
0.66667 0.16667 -0.37178 
0.66667 0.2 -0.45605 
0.66667 0.23333 -0.50666 
0.66667 0.26667 -0.52053 
0.66667 0.3 -0.50082 
0.66667 0.33333 -0.45071 
0.66667 0.36667 -0.37335 
0.66667 0.4 -0.27193 
0.66667 0.43333 -0.15306 
0.66667 0.46667 -0.025732 
0.66667 0.5 0.10325 
0.66667 0.53333 0.22712 
0.66667 0.56667 0.33909 
0.66667 0.6 0.43237 
0.66667 0.63333 0.49711 
0.66667 0.66667 0.52976 
0.66667 0.7 0.53302 
0.66667 0.73333 0.5096 
0.66667 0.76667 0.4622 
0.66667 0.8 0.39352 
0.66667 0.83333 0.30657 
0.66667 0.86667 0.2051 
0.66667 0.9 0.092946 
0.66667 0.93333 -0.026092 
0.66667 0.96667 -0.14819 
0.66667 1 -0.26954 
0.7 0 0.23349 
0.7 0.033333 0.10865 
0.7 0.066667 -0.021375 
0.7 0.1 -0.14994 
0.7 0.13333 -0.27039 
0.7 0.16667 -0.37607 
0.7 0.2 -0.46034 
0.7 0.23333 -0.51342 
0.7 0.26667 -0.53174 
0.7 0.3 -0.51795 
0.7 0.33333 -0.47469 
0.7 0.36667 -0.40458 
0.7 0.4 -0.31028 
0.7 0.43333 -0.19711 
0.7 0.46667 -0.072959 
0.7 0.5 0.055729 
0.7 0.53333 0.18251 
0.7 0.56667 0.30095 
0.7 0.6 0.40459 
0.7 0.63333 0.48392 
0.7 0.66667 0.53429 
0.7 0.7 0.55655 
0.7 0.73333 0.55158 
0.7 0.76667 0.52025 
0.7 0.8 0.46342 
0.7 0.83333 0.38202 
0.7 0.86667 0.27953 
0.7 0.9 0.16066 
0.7 0.93333 0.030068 
0.7 0.96667 -0.10754 
0.7 1 -0.24749 
0.73333 0 0.20631 
0.73333 0.033333 0.088618 
0.73333 0.066667 -0.032227 
0.73333 0.1 -0.15079 
0.73333 0.13333 -0.26163 
0.73333 0.16667 -0.35932 
0.73333 0.2 -0.43841 
0.73333 0.23333 -0.49052 
0.73333 0.26667 -0.51209 
0.73333 0.3 -0.505 
0.73333 0.33333 -0.47111 
0.73333 0.36667 -0.41228 
0.73333 0.4 -0.33037 
0.73333 0.43333 -0.22907 
0.73333 0.46667 -0.11468 
0.73333 0.5 0.0069844 
0.73333 0.53333 0.13013 
0.73333 0.56667 0.24896 
0.73333 0.6 0.35767 
0.73333 0.63333 0.44762 
0.73333 0.66667 0.51331 
0.73333 0.7 0.55365 
0.73333 0.73333 0.56753 
0.73333 0.76667 0.55384 
0.73333 0.8 0.51149 
0.73333 0.83333 0.43893 
0.73333 0.86667 0.33907 
0.73333 0.9 0.21746 
0.73333 0.93333 0.079661 
0.73333 0.96667 -0.068772 
0.73333 1 -0.22228 
0.76667 0 0.17067 
0.76667 0.033333 0.065517 
0.76667 0.066667 -0.04059 
0.76667 0.1 -0.14362 
0.76667 0.13333 -0.23952 
0.76667 0.16667 -0.32426 
0.76667 0.2 -0.3938 
0.76667 0.23333 -0.44182 
0.76667 0.26667 -0.46529 
0.76667 0.3 -0.46515 
0.76667 0.33333 -0.4423 
0.76667 0.36667 -0.39768 
0.76667 0.4 -0.33219 
0.76667 0.43333 -0.24764 
0.76667 0.46667 -0.14848 
0.76667 0.5 -0.039613 
0.76667 0.53333 0.07404 
0.76667 0.56667 0.18758 
0.76667 0.6 0.29608 
0.76667 0.63333 0.39204 
0.76667 0.66667 0.46929 
0.76667 0.7 0.52492 
0.76667 0.73333 0.55603 
0.76667 0.76667 0.55975 
0.76667 0.8 0.53316 
0.76667 0.83333 0.47211 
0.76667 0.86667 0.3786 
0.76667 0.9 0.25893 
0.76667 0.93333 0.11943 
0.76667 0.96667 -0.033587 
0.76667 1 -0.1938 
0.8 0 0.12952 
0.8 0.033333 0.041363 
0.8 0.066667 -0.04563 
0.8 0.1 -0.12886 
0.8 0.13333 -0.20573 
0.8 0.16667 -0.27365 
0.8 0.2 -0.33002 
0.8 0.23333 -0.37117 
0.8 0.26667 -0.39506 
0.8 0.3 -0.40158 
0.8 0.33333 -0.3906 
0.8 0.36667 -0.36202 
0.8 0.4 -0.3157 
0.8 0.43333 -0.25151 
0.8 0.46667 -0.1719 
0.8 0.5 -0.080699 
0.8 0.53333 0.018283 
0.8 0.56667 0.12123 
0.8 0.6 0.22432 
0.8 0.63333 0.32104 
0.8 0.66667 0.40464 
0.8 0.7 0.47092 
0.8 0.73333 0.51568 
0.8 0.76667 0.53471 
0.8 0.8 0.52383 
0.8 0.83333 0.47636 
0.8 0.86667 0.39301 
0.8 0.9 0.28064 
0.8 0.93333 0.14611 
0.8 0.96667 -0.0037021 
0.8 1 -0.16194 
0.83333 0 0.086858 
0.83333 0.033333 0.018285 
0.83333 0.066667 -0.046926 
0.83333 0.1 -0.1077 
0.83333 0.13333 -0.16298 
0.83333 0.16667 -0.21168 
0.83333 0.2 -0.25274 
0.83333 0.23333 -0.28518 
0.83333 0.26667 -0.30802 
0.83333 0.3 -0.32014 
0.83333 0.33333 -0.32045 
0.83333 0.36667 -0.30786 
0.83333 0.4 -0.28126 
0.83333 0.43333 -0.23871 
0.83333 0.46667 -0.18081 
0.83333 0.5 -0.11028 
0.83333 0.53333 -0.029866 
0.83333 0.56667 0.057708 
0.83333 0.6 0.14971 
0.83333 0.63333 0.24071 
0.83333 0.66667 0.32382 
0.83333 0.7 0.39408 
0.83333 0.73333 0.44657 
0.83333 0.76667 0.47634 
0.83333 0.8 0.47845 
0.83333 0.83333 0.44492 
0.83333 0.86667 0.37551 
0.83333 0.9 0.27692 
0.83333 0.93333 0.15583 
0.83333 0.96667 0.018947 
0.83333 1 -0.12704 
0.86667 0 0.04716 
0.86667 0.033333 -0.0013252 
0.86667 0.066667 -0.044005 
0.86667 0.1 -0.081449 
0.86667 0.13333 -0.11423 
0.86667 0.16667 -0.1429 
0.86667 0.2 -0.16805 
0.86667 0.23333 -0.19103 
0.86667 0.26667 -0.21156 
0.86667 0.3 -0.22776 
0.86667 0.33333 -0.23775 
0.86667 0.36667 -0.23964 
0.86667 0.4 -0.23155 
0.86667 0.43333 -0.21004 
0.86667 0.46667 -0.17414 
0.86667 0.5 -0.12564 
0.86667 0.53333 -0.066324 
0.86667 0.56667 0.0020089 
0.86667 0.6 0.077575 
0.86667 0.63333 0.15636 
0.86667 0.66667 0.23207 
0.86667 0.7 0.29947 
0.86667 0.73333 0.35333 
0.86667 0.76667 0.38842 
0.86667 0.8 0.3995 
0.86667 0.83333 0.37902 
0.86667 0.86667 0.3266 
0.86667 0.9 0.24778 
0.86667 0.93333 0.14812 
0.86667 0.96667 0.03318 
0.86667 1 -0.091502 
0.9 0 0.014157 
0.9 0.033333 -0.015057 
0.9 0.066667 -0.035944 
0.9 0.1 -0.0507 
0.9 0.13333 -0.061517 
0.9 0.16667 -0.07059 
0.9 0.2 -0.080112 
0.9 0.23333 -0.093366 
0.9 0.26667 -0.11055 
0.9 0.3 -0.12924 
0.9 0.33333 -0.14699 
0.9 0.36667 -0.16138 
0.9 0.4 -0.16999 
0.9 0.43333 -0.16831 
0.9 0.46667 -0.15409 
0.9 0.5 -0.12829 
0.9 0.53333 -0.091821 
0.9 0.56667 -0.045632 
0.9 0.6 0.0093433 
0.9 0.63333 0.070652 
0.9 0.66667 0.13311 
0.9 0.7 0.19167 
0.9 0.73333 0.24131 
0.9 0.76667 0.27699 
0.9 0.8 0.29368 
0.9 0.83333 0.28541 
0.9 0.86667 0.25205 
0.9 0.9 0.1973 
0.9 0.93333 0.12486 
0.9 0.96667 0.038429 
0.9 1 -0.05829 
0.93333 0 -0.0084215 
0.93333 0.033333 -0.0205 
0.93333 0.066667 -0.02182 
0.93333 0.1 -0.016062 
0.93333 0.13333 -0.0069024 
0.93333 0.16667 0.0019788 
0.93333 0.2 0.0069032 
0.93333 0.23333 0.0031283 
0.93333 0.26667 -0.0098462 
0.93333 0.3 -0.029335 
0.93333 0.33333 -0.052652 
0.93333 0.36667 -0.077112 
0.93333 0.4 -0.10003 
0.93333 0.43333 -0.11635 
0.93333 0.46667 -0.12289 
0.93333 0.5 -0.11976 
0.93333 0.53333 -0.10709 
0.93333 0.56667 -0.084978 
0.93333 0.6 -0.05355 
0.93333 0.63333 -0.013765 
0.93333 0.66667 0.030614 
0.93333 0.7 0.07527 
0.93333 0.73333 0.11588 
0.93333 0.76667 0.14814 
0.93333 0.8 0.16771 
0.93333 0.83333 0.17086 
0.93333 0.86667 0.15768 
0.93333 0.9 0.12955 
0.93333 0.93333 0.087901 
0.93333 0.96667 0.034121 
0.93333 1 -0.030377 
0.96667 0 -0.016847 
0.96667 0.033333 -0.015245 
0.96667 0.066667 -0.00071133 
0.96667 0.1 0.021859 
0.96667 0.13333 0.04757 
0.96667 0.16667 0.071525 
0.96667 0.2 0.08883 
0.96667 0.23333 0.093786 
0.96667 0.26667 0.085695 
0.96667 0.3 0.067157 
0.96667 0.33333 0.040775 
0.96667 0.36667 0.0091508 
0.96667 0.4 -0.025114 
0.96667 0.43333 -0.056999 
0.96667 0.46667 -0.082735 
0.96667 0.5 -0.1016 
0.96667 0.53333 -0.11286 
0.96667 0.56667 -0.11579 
0.96667 0.6 -0.10967 
0.96667 0.63333 -0.094229 
0.96667 0.66667 -0.071708 
0.96667 0.7 -0.045151 
0.96667 0.73333 -0.017603 
0.96667 0.76667 0.0078944 
0.96667 0.8 0.028297 
0.96667 0.83333 0.042138 
0.96667 0.86667 0.049268 
0.96667 0.9 0.048617 
0.96667 0.93333 0.039114 
0.96667 0.96667 0.019687 
0.96667 1 -0.010733 
1 0 -0.007391 
1 0.033333 0.0031173 
1 0.066667 0.028305 
1 0.1 0.062456 
1 0.13333 0.09985 
1 0.16667 0.13477 
1 0.2 0.1615 
1 0.23333 0.17394 
1 0.26667 0.17121 
1 0.3 0.15546 
1 0.33333 0.1288 
1 0.36667 0.093379 
1 0.4 0.051322 
1 0.43333 0.0069264 
1 0.46667 -0.035832 
1 0.5 -0.075309 
1 0.53333 -0.10986 
1 0.56667 -0.13783 
1 0.6 -0.15759 
1 0.63333 -0.16808 
1 0.66667 -0.17016 
1 0.7 -0.16501 
1 0.73333 -0.15378 
1 0.76667 -0.13767 
1 0.8 -0.11784 
1 0.83333 -0.094004 
1 0.86667 -0.06738 
1 0.9 -0.041435 
1 0.93333 -0.019636 
1 0.96667 -0.0054444 
1 1 -0.0023261 
