0 2.07 
0.016667 2.0221 
0.033333 1.9752 
0.05 1.93 
0.066667 1.8876 
0.083333 1.8487 
0.1 1.8144 
0.11667 1.7854 
0.13333 1.7628 
0.15 1.7473 
0.16667 1.74 
0.18333 1.7415 
0.2 1.7521 
0.21667 1.7718 
0.23333 1.8006 
0.25 1.8387 
0.26667 1.8862 
0.28333 1.9429 
0.3 2.0091 
0.31667 2.0848 
0.33333 2.17 
0.35 2.2644 
0.36667 2.367 
0.38333 2.477 
0.4 2.5937 
0.41667 2.7163 
0.43333 2.8439 
0.45 2.9759 
0.46667 3.1114 
0.48333 3.2497 
0.5 3.39 
0.51667 3.5317 
0.53333 3.6742 
0.55 3.8162 
0.56667 3.9569 
0.58333 4.095 
0.6 4.2295 
0.61667 4.3594 
0.63333 4.4834 
0.65 4.6007 
0.66667 4.71 
0.68333 4.8105 
0.7 4.9018 
0.71667 4.984 
0.73333 5.0567 
0.75 5.12 
0.76667 5.1737 
0.78333 5.2176 
0.8 5.2518 
0.81667 5.2759 
0.83333 5.29 
0.85 5.2934 
0.86667 5.2864 
0.88333 5.2697 
0.9 5.2444 
0.91667 5.2112 
0.93333 5.1712 
0.95 5.1251 
0.96667 5.074 
0.98333 5.0186 
1 4.96 
