10.001 10.005 9.9981 
10.001 10.048 10.016 
10.001 10.09 10.035 
10.002 10.133 10.053 
10.002 10.176 10.072 
10.003 10.218 10.091 
10.003 10.261 10.109 
10.004 10.303 10.128 
10.005 10.346 10.147 
10.006 10.388 10.166 
10.007 10.43 10.185 
10.008 10.473 10.205 
10.009 10.515 10.224 
10.011 10.557 10.243 
10.012 10.599 10.263 
10.014 10.641 10.283 
10.015 10.683 10.302 
10.017 10.725 10.322 
10.019 10.767 10.342 
10.021 10.809 10.362 
10.023 10.85 10.382 
10.025 10.892 10.403 
10.027 10.934 10.423 
10.03 10.975 10.443 
10.032 11.017 10.464 
10.035 11.058 10.484 
10.038 11.1 10.505 
10.04 11.141 10.526 
10.043 11.182 10.547 
10.046 11.224 10.568 
10.049 11.265 10.589 
10.053 11.306 10.61 
10.056 11.347 10.631 
10.059 11.388 10.653 
10.063 11.429 10.674 
10.066 11.47 10.696 
10.07 11.511 10.718 
10.074 11.552 10.739 
10.078 11.593 10.761 
10.082 11.634 10.783 
10.086 11.674 10.805 
10.09 11.715 10.828 
10.094 11.756 10.85 
10.098 11.796 10.872 
10.103 11.837 10.895 
10.107 11.877 10.917 
10.112 11.917 10.94 
10.117 11.958 10.963 
10.121 11.998 10.986 
10.126 12.038 11.009 
10.131 12.079 11.032 
10.136 12.119 11.055 
10.141 12.159 11.078 
10.147 12.199 11.102 
10.152 12.239 11.125 
10.157 12.279 11.149 
10.163 12.319 11.173 
10.168 12.359 11.197 
10.174 12.399 11.22 
10.18 12.438 11.245 
10.186 12.478 11.269 
10.191 12.518 11.293 
10.197 12.558 11.317 
10.204 12.597 11.342 
10.21 12.637 11.366 
10.216 12.676 11.391 
10.222 12.716 11.416 
10.229 12.755 11.441 
10.235 12.795 11.465 
10.242 12.834 11.491 
10.248 12.873 11.516 
10.255 12.912 11.541 
10.262 12.952 11.566 
10.269 12.991 11.592 
10.276 13.03 11.618 
10.283 13.069 11.643 
10.29 13.108 11.669 
10.297 13.147 11.695 
10.304 13.186 11.721 
10.312 13.225 11.747 
10.319 13.264 11.773 
10.327 13.303 11.8 
10.334 13.341 11.826 
10.342 13.38 11.853 
10.35 13.419 11.879 
10.357 13.457 11.906 
10.365 13.496 11.933 
10.373 13.535 11.96 
10.381 13.573 11.987 
10.389 13.611 12.014 
10.397 13.65 12.042 
10.406 13.688 12.069 
10.414 13.726 12.096 
10.422 13.765 12.124 
10.431 13.803 12.152 
10.439 13.841 12.18 
10.448 13.879 12.208 
10.456 13.917 12.236 
10.465 13.955 12.264 
10.474 13.993 12.292 
10.482 14.031 12.32 
10.491 14.069 12.349 
10.5 14.106 12.377 
10.509 14.144 12.406 
10.518 14.182 12.435 
10.527 14.219 12.464 
10.537 14.257 12.493 
10.546 14.294 12.522 
10.555 14.332 12.551 
10.565 14.369 12.581 
10.574 14.407 12.61 
10.584 14.444 12.64 
10.593 14.481 12.67 
10.603 14.518 12.699 
10.613 14.555 12.729 
10.623 14.593 12.759 
10.633 14.63 12.79 
10.643 14.667 12.82 
10.653 14.703 12.85 
10.663 14.74 12.881 
10.673 14.777 12.912 
10.683 14.814 12.942 
10.693 14.851 12.973 
10.704 14.887 13.004 
10.714 14.924 13.035 
10.725 14.961 13.067 
10.735 14.997 13.098 
10.746 15.033 13.129 
10.756 15.07 13.161 
10.767 15.106 13.193 
10.778 15.143 13.225 
10.789 15.179 13.256 
10.8 15.215 13.289 
10.811 15.251 13.321 
10.822 15.287 13.353 
10.833 15.323 13.386 
10.844 15.359 13.418 
10.856 15.395 13.451 
10.867 15.431 13.484 
10.878 15.467 13.517 
10.89 15.503 13.55 
10.902 15.538 13.583 
10.913 15.574 13.616 
10.925 15.61 13.65 
10.937 15.645 13.683 
10.948 15.681 13.717 
10.96 15.716 13.751 
10.972 15.752 13.785 
10.984 15.787 13.819 
10.996 15.822 13.853 
11.008 15.857 13.887 
11.021 15.893 13.922 
11.033 15.928 13.956 
11.045 15.963 13.991 
11.058 15.998 14.026 
11.07 16.033 14.061 
11.083 16.068 14.096 
11.095 16.103 14.131 
11.108 16.137 14.166 
11.121 16.172 14.202 
11.134 16.207 14.237 
11.146 16.241 14.273 
11.159 16.276 14.309 
11.172 16.311 14.345 
11.185 16.345 14.381 
11.198 16.379 14.417 
11.211 16.414 14.454 
11.225 16.448 14.49 
11.238 16.482 14.527 
11.251 16.516 14.563 
11.264 16.55 14.6 
11.277 16.584 14.637 
11.291 16.618 14.674 
11.304 16.652 14.711 
11.318 16.686 14.748 
11.331 16.72 14.786 
11.344 16.754 14.823 
11.358 16.787 14.861 
11.372 16.821 14.899 
11.385 16.854 14.937 
11.399 16.888 14.975 
11.413 16.921 15.013 
11.426 16.954 15.051 
11.44 16.987 15.089 
11.454 17.02 15.128 
11.468 17.053 15.166 
11.482 17.086 15.205 
11.496 17.119 15.244 
11.51 17.152 15.283 
11.524 17.185 15.322 
11.538 17.217 15.361 
11.552 17.25 15.401 
11.566 17.283 15.44 
11.58 17.315 15.48 
11.594 17.347 15.52 
11.608 17.38 15.559 
11.623 17.412 15.599 
11.637 17.444 15.64 
11.651 17.476 15.68 
11.666 17.508 15.72 
11.68 17.539 15.761 
11.695 17.571 15.801 
11.709 17.603 15.842 
11.724 17.634 15.883 
11.738 17.666 15.924 
11.753 17.697 15.965 
11.768 17.729 16.007 
11.782 17.76 16.048 
11.797 17.791 16.09 
11.812 17.822 16.131 
11.827 17.853 16.173 
11.842 17.884 16.215 
11.856 17.915 16.257 
11.871 17.945 16.299 
11.886 17.976 16.342 
11.901 18.006 16.384 
11.916 18.037 16.427 
11.931 18.067 16.47 
11.946 18.097 16.513 
11.962 18.127 16.556 
11.977 18.157 16.599 
11.992 18.187 16.642 
12.007 18.217 16.685 
12.022 18.246 16.729 
12.038 18.276 16.773 
12.053 18.306 16.817 
12.068 18.335 16.861 
12.084 18.364 16.905 
12.099 18.393 16.949 
12.115 18.422 16.993 
12.13 18.451 17.038 
12.146 18.48 17.083 
12.161 18.509 17.127 
12.177 18.538 17.172 
12.193 18.566 17.218 
12.208 18.595 17.263 
12.224 18.623 17.308 
12.24 18.651 17.354 
12.255 18.679 17.399 
12.271 18.707 17.445 
12.287 18.735 17.491 
12.303 18.763 17.537 
12.319 18.79 17.583 
12.335 18.818 17.63 
12.351 18.845 17.676 
12.367 18.873 17.723 
12.383 18.9 17.77 
12.399 18.927 17.816 
12.415 18.954 17.863 
12.431 18.981 17.91 
12.447 19.008 17.958 
12.463 19.035 18.005 
12.479 19.062 18.052 
12.495 19.088 18.1 
12.511 19.114 18.148 
12.528 19.141 18.195 
12.544 19.167 18.243 
12.56 19.193 18.291 
12.577 19.219 18.34 
12.593 19.245 18.388 
12.609 19.271 18.436 
12.626 19.296 18.485 
12.642 19.322 18.534 
12.658 19.347 18.582 
12.675 19.372 18.631 
12.691 19.398 18.68 
12.708 19.423 18.729 
12.724 19.447 18.779 
12.741 19.472 18.828 
12.757 19.497 18.878 
12.774 19.521 18.927 
12.79 19.546 18.977 
12.807 19.57 19.027 
12.823 19.594 19.077 
12.84 19.618 19.127 
12.857 19.642 19.177 
12.873 19.666 19.227 
12.89 19.689 19.278 
12.907 19.713 19.329 
12.923 19.736 19.379 
12.94 19.76 19.43 
12.957 19.783 19.481 
12.973 19.806 19.532 
12.99 19.828 19.583 
13.007 19.851 19.634 
13.024 19.874 19.686 
13.04 19.896 19.737 
13.057 19.918 19.789 
13.074 19.94 19.841 
13.091 19.962 19.893 
13.107 19.984 19.945 
13.124 20.006 19.997 
13.141 20.027 20.049 
13.158 20.049 20.101 
13.175 20.07 20.154 
13.191 20.091 20.206 
13.208 20.112 20.259 
13.225 20.133 20.312 
13.242 20.153 20.365 
13.259 20.174 20.418 
13.276 20.194 20.471 
13.293 20.214 20.524 
13.309 20.234 20.577 
13.326 20.254 20.631 
13.343 20.274 20.684 
13.36 20.293 20.738 
13.377 20.313 20.792 
13.394 20.332 20.846 
13.411 20.351 20.9 
13.428 20.37 20.954 
13.445 20.388 21.008 
13.461 20.407 21.063 
13.478 20.425 21.117 
13.495 20.443 21.172 
13.512 20.461 21.227 
13.529 20.479 21.281 
13.546 20.497 21.336 
13.563 20.514 21.391 
13.58 20.532 21.447 
13.596 20.549 21.502 
13.613 20.566 21.557 
13.63 20.583 21.613 
13.647 20.599 21.668 
13.664 20.616 21.724 
13.681 20.632 21.78 
13.698 20.649 21.836 
13.714 20.665 21.892 
13.731 20.681 21.948 
13.748 20.696 22.005 
13.765 20.712 22.061 
13.782 20.727 22.118 
13.799 20.743 22.175 
13.816 20.758 22.231 
13.832 20.773 22.288 
13.849 20.787 22.345 
13.866 20.802 22.402 
13.883 20.816 22.46 
13.9 20.831 22.517 
13.916 20.845 22.574 
13.933 20.859 22.632 
13.95 20.872 22.69 
13.967 20.886 22.747 
13.983 20.899 22.805 
14 20.913 22.863 
14.017 20.926 22.921 
14.033 20.938 22.979 
14.05 20.951 23.038 
14.067 20.964 23.096 
14.084 20.976 23.154 
14.1 20.988 23.213 
14.117 21 23.271 
14.134 21.012 23.33 
14.15 21.023 23.389 
14.167 21.035 23.448 
14.183 21.046 23.507 
14.2 21.057 23.566 
14.216 21.068 23.625 
14.233 21.078 23.684 
14.25 21.089 23.743 
14.266 21.099 23.803 
14.283 21.109 23.862 
14.299 21.119 23.922 
14.316 21.129 23.981 
14.332 21.138 24.041 
14.348 21.147 24.101 
14.365 21.156 24.161 
14.381 21.165 24.221 
14.398 21.174 24.281 
14.414 21.182 24.341 
14.43 21.19 24.401 
14.447 21.198 24.461 
14.463 21.206 24.521 
14.479 21.214 24.581 
14.495 21.221 24.642 
14.512 21.228 24.702 
14.528 21.235 24.763 
14.544 21.242 24.823 
14.56 21.248 24.884 
14.576 21.255 24.945 
14.592 21.261 25.005 
14.608 21.267 25.066 
14.625 21.272 25.127 
14.641 21.278 25.188 
14.657 21.283 25.249 
14.673 21.288 25.31 
14.688 21.293 25.371 
14.704 21.297 25.432 
14.72 21.301 25.493 
14.736 21.306 25.554 
14.752 21.309 25.616 
14.768 21.313 25.677 
14.784 21.316 25.738 
14.799 21.319 25.8 
14.815 21.322 25.861 
14.831 21.325 25.923 
14.846 21.327 25.984 
14.862 21.33 26.046 
14.878 21.332 26.107 
14.893 21.333 26.169 
14.909 21.335 26.23 
14.924 21.336 26.292 
14.94 21.337 26.354 
14.955 21.338 26.416 
14.971 21.338 26.478 
14.986 21.339 26.539 
15.001 21.339 26.601 
15.016 21.339 26.663 
15.032 21.338 26.726 
15.047 21.338 26.788 
15.062 21.337 26.85 
15.077 21.336 26.912 
15.092 21.335 26.975 
15.107 21.334 27.037 
15.122 21.332 27.099 
15.136 21.33 27.162 
15.151 21.328 27.224 
15.166 21.326 27.287 
15.181 21.324 27.349 
15.195 21.321 27.412 
15.21 21.318 27.475 
15.224 21.315 27.537 
15.239 21.311 27.6 
15.253 21.308 27.663 
15.267 21.304 27.726 
15.282 21.3 27.789 
15.296 21.296 27.851 
15.31 21.291 27.914 
15.324 21.287 27.977 
15.338 21.282 28.04 
15.352 21.277 28.103 
15.366 21.271 28.166 
15.38 21.266 28.229 
15.394 21.26 28.292 
15.408 21.254 28.355 
15.422 21.247 28.418 
15.436 21.241 28.481 
15.449 21.234 28.544 
15.463 21.227 28.607 
15.477 21.22 28.67 
15.49 21.212 28.733 
15.504 21.204 28.796 
15.517 21.197 28.859 
15.53 21.188 28.922 
15.544 21.18 28.986 
15.557 21.171 29.049 
15.57 21.162 29.112 
15.583 21.153 29.175 
15.596 21.144 29.238 
15.609 21.134 29.301 
15.622 21.124 29.364 
15.635 21.114 29.427 
15.648 21.104 29.49 
15.661 21.093 29.553 
15.674 21.082 29.615 
15.687 21.071 29.678 
15.699 21.06 29.741 
15.712 21.048 29.804 
15.724 21.037 29.867 
15.737 21.025 29.93 
15.749 21.012 29.992 
15.762 21 30.055 
15.774 20.987 30.118 
15.786 20.974 30.181 
15.799 20.961 30.243 
15.811 20.947 30.306 
15.823 20.933 30.368 
15.835 20.919 30.431 
15.847 20.905 30.493 
15.859 20.89 30.556 
15.871 20.875 30.618 
15.883 20.86 30.68 
15.894 20.845 30.743 
15.906 20.83 30.805 
15.918 20.814 30.867 
15.929 20.798 30.929 
15.941 20.781 30.991 
15.953 20.765 31.053 
15.964 20.748 31.115 
15.975 20.731 31.177 
15.987 20.713 31.239 
15.998 20.696 31.301 
16.009 20.678 31.362 
16.02 20.66 31.424 
16.031 20.641 31.485 
16.042 20.623 31.547 
16.053 20.604 31.608 
16.064 20.585 31.67 
16.075 20.565 31.731 
16.085 20.546 31.792 
16.096 20.526 31.853 
16.106 20.506 31.915 
16.116 20.485 31.976 
16.126 20.465 32.037 
16.136 20.444 32.097 
16.146 20.423 32.158 
16.156 20.401 32.219 
16.166 20.38 32.28 
16.176 20.358 32.34 
16.185 20.336 32.401 
16.195 20.314 32.461 
16.204 20.291 32.522 
16.214 20.268 32.582 
16.223 20.245 32.642 
16.232 20.222 32.702 
16.241 20.198 32.763 
16.25 20.174 32.823 
16.259 20.15 32.882 
16.268 20.126 32.942 
16.277 20.101 33.002 
16.286 20.077 33.062 
16.294 20.052 33.121 
16.303 20.026 33.181 
16.311 20.001 33.24 
16.319 19.975 33.299 
16.328 19.949 33.358 
16.336 19.923 33.418 
16.344 19.896 33.477 
16.352 19.869 33.535 
16.36 19.842 33.594 
16.368 19.815 33.653 
16.376 19.787 33.712 
16.383 19.759 33.77 
16.391 19.731 33.829 
16.398 19.703 33.887 
16.406 19.675 33.945 
16.413 19.646 34.003 
16.421 19.617 34.061 
16.428 19.587 34.119 
16.435 19.558 34.177 
16.442 19.528 34.234 
16.449 19.498 34.292 
16.456 19.468 34.349 
16.463 19.437 34.407 
16.47 19.406 34.464 
16.476 19.375 34.521 
16.483 19.344 34.578 
16.49 19.312 34.635 
16.496 19.28 34.692 
16.503 19.248 34.748 
16.509 19.216 34.805 
16.515 19.183 34.861 
16.521 19.15 34.917 
16.528 19.117 34.973 
16.534 19.084 35.029 
16.54 19.05 35.085 
16.546 19.016 35.141 
16.552 18.982 35.197 
16.557 18.948 35.252 
16.563 18.913 35.308 
16.569 18.878 35.363 
16.574 18.843 35.418 
16.58 18.808 35.473 
16.585 18.772 35.528 
16.591 18.736 35.582 
16.596 18.7 35.637 
16.602 18.663 35.691 
16.607 18.627 35.745 
16.612 18.59 35.8 
16.617 18.552 35.854 
16.622 18.515 35.907 
16.627 18.477 35.961 
16.632 18.439 36.015 
16.637 18.401 36.068 
16.641 18.363 36.121 
16.646 18.324 36.174 
16.65 18.286 36.227 
16.654 18.247 36.279 
16.658 18.208 36.331 
16.662 18.169 36.383 
16.666 18.13 36.435 
16.67 18.091 36.487 
16.673 18.051 36.538 
16.677 18.011 36.59 
16.68 17.972 36.641 
16.683 17.932 36.692 
16.686 17.891 36.742 
16.689 17.851 36.793 
16.692 17.811 36.843 
16.695 17.77 36.893 
16.697 17.729 36.943 
16.7 17.688 36.992 
16.702 17.647 37.042 
16.704 17.605 37.091 
16.706 17.564 37.14 
16.708 17.522 37.189 
16.71 17.48 37.237 
16.712 17.438 37.286 
16.713 17.396 37.334 
16.715 17.353 37.382 
16.716 17.31 37.43 
16.718 17.268 37.477 
16.719 17.224 37.525 
16.72 17.181 37.572 
16.721 17.138 37.619 
16.722 17.094 37.666 
16.723 17.05 37.713 
16.723 17.006 37.759 
16.724 16.962 37.805 
16.724 16.918 37.851 
16.725 16.873 37.897 
16.725 16.828 37.943 
16.725 16.783 37.988 
16.725 16.738 38.033 
16.726 16.693 38.078 
16.725 16.647 38.123 
16.725 16.601 38.168 
16.725 16.555 38.212 
16.725 16.509 38.256 
16.724 16.463 38.3 
16.724 16.416 38.344 
16.723 16.369 38.388 
16.723 16.322 38.431 
16.722 16.275 38.474 
16.721 16.228 38.517 
16.72 16.18 38.56 
16.72 16.132 38.603 
16.719 16.084 38.645 
16.717 16.036 38.688 
16.716 15.987 38.73 
16.715 15.938 38.772 
16.714 15.889 38.813 
16.712 15.84 38.855 
16.711 15.791 38.896 
16.71 15.741 38.937 
16.708 15.691 38.978 
16.706 15.641 39.019 
16.705 15.59 39.059 
16.703 15.54 39.1 
16.701 15.489 39.14 
16.699 15.438 39.18 
16.697 15.387 39.219 
16.695 15.335 39.259 
16.693 15.283 39.298 
16.691 15.232 39.337 
16.689 15.179 39.376 
16.687 15.127 39.415 
16.685 15.074 39.454 
16.683 15.021 39.492 
16.68 14.968 39.53 
16.678 14.915 39.568 
16.676 14.861 39.606 
16.673 14.807 39.644 
16.67 14.753 39.681 
16.667 14.699 39.718 
16.664 14.646 39.755 
16.661 14.592 39.791 
16.658 14.538 39.827 
16.654 14.484 39.863 
16.65 14.43 39.898 
16.646 14.376 39.934 
16.642 14.322 39.968 
16.638 14.268 40.003 
16.634 14.214 40.037 
16.629 14.16 40.071 
16.624 14.106 40.105 
16.619 14.052 40.139 
16.614 13.998 40.172 
16.609 13.943 40.205 
16.604 13.889 40.237 
16.598 13.835 40.27 
16.592 13.78 40.302 
16.586 13.726 40.334 
16.58 13.671 40.365 
16.574 13.617 40.396 
16.568 13.562 40.427 
16.562 13.507 40.458 
16.555 13.452 40.489 
16.549 13.397 40.519 
16.542 13.342 40.549 
16.535 13.287 40.578 
16.528 13.232 40.608 
16.521 13.177 40.637 
16.513 13.122 40.666 
16.506 13.066 40.695 
16.498 13.011 40.723 
16.491 12.955 40.751 
16.483 12.899 40.779 
16.475 12.843 40.807 
16.467 12.787 40.834 
16.459 12.731 40.861 
16.451 12.675 40.888 
16.443 12.619 40.915 
16.434 12.563 40.941 
16.426 12.506 40.968 
16.417 12.449 40.994 
16.409 12.393 41.019 
16.4 12.336 41.045 
16.391 12.279 41.07 
16.382 12.221 41.095 
16.373 12.164 41.12 
16.364 12.107 41.145 
16.355 12.049 41.169 
16.346 11.991 41.193 
16.337 11.933 41.217 
16.327 11.875 41.241 
16.318 11.817 41.264 
16.308 11.759 41.288 
16.299 11.7 41.311 
16.289 11.641 41.333 
16.279 11.582 41.356 
16.27 11.523 41.379 
16.26 11.464 41.401 
16.25 11.405 41.423 
16.24 11.345 41.445 
16.23 11.285 41.466 
16.22 11.225 41.488 
16.21 11.165 41.509 
16.2 11.105 41.53 
16.19 11.044 41.551 
16.18 10.984 41.571 
16.17 10.923 41.592 
16.159 10.862 41.612 
16.149 10.8 41.632 
16.139 10.739 41.652 
16.128 10.677 41.672 
16.118 10.615 41.691 
16.108 10.553 41.71 
16.097 10.49 41.729 
16.087 10.428 41.748 
16.077 10.365 41.767 
16.066 10.302 41.786 
16.056 10.239 41.804 
16.045 10.176 41.822 
16.034 10.114 41.84 
16.023 10.051 41.857 
16.011 9.9894 41.874 
16 9.9277 41.89 
15.988 9.8662 41.906 
15.976 9.805 41.922 
15.964 9.744 41.938 
15.952 9.6832 41.953 
15.94 9.6226 41.967 
15.927 9.5623 41.982 
15.914 9.5021 41.996 
15.901 9.4421 42.01 
15.888 9.3824 42.023 
15.875 9.3228 42.036 
15.862 9.2634 42.049 
15.848 9.2041 42.062 
15.834 9.145 42.074 
15.82 9.0861 42.086 
15.806 9.0273 42.097 
15.792 8.9686 42.108 
15.778 8.9101 42.119 
15.763 8.8517 42.13 
15.749 8.7934 42.14 
15.734 8.7353 42.15 
15.719 8.6772 42.16 
15.704 8.6192 42.169 
15.689 8.5613 42.179 
15.674 8.5035 42.187 
15.659 8.4458 42.196 
15.643 8.3881 42.204 
15.627 8.3305 42.213 
15.612 8.273 42.22 
15.596 8.2155 42.228 
15.58 8.158 42.235 
15.564 8.1006 42.242 
15.548 8.0432 42.249 
15.532 7.9858 42.256 
15.515 7.9284 42.262 
15.499 7.871 42.268 
15.482 7.8136 42.274 
15.466 7.7562 42.279 
15.449 7.6988 42.285 
15.432 7.6414 42.29 
15.416 7.5839 42.294 
15.399 7.5264 42.299 
15.382 7.4689 42.304 
15.365 7.4113 42.308 
15.348 7.3536 42.312 
15.33 7.2959 42.316 
15.313 7.2381 42.319 
15.296 7.1802 42.322 
15.278 7.1222 42.326 
15.261 7.0642 42.329 
15.244 7.006 42.331 
15.226 6.9477 42.334 
15.209 6.8893 42.336 
15.191 6.8308 42.339 
15.173 6.7721 42.341 
15.156 6.7133 42.342 
15.138 6.6544 42.344 
15.12 6.5953 42.346 
15.102 6.536 42.347 
15.085 6.4766 42.348 
15.067 6.417 42.349 
15.049 6.3573 42.35 
15.031 6.2973 42.35 
15.013 6.2371 42.351 
14.995 6.1768 42.351 
14.977 6.1162 42.352 
14.959 6.0554 42.352 
14.941 5.9944 42.352 
14.924 5.9332 42.351 
14.906 5.8717 42.351 
14.888 5.81 42.351 
14.87 5.748 42.35 
14.852 5.6858 42.349 
14.834 5.6233 42.348 
14.816 5.5606 42.348 
14.798 5.4979 42.346 
14.78 5.4359 42.345 
14.762 5.3743 42.343 
14.743 5.3134 42.341 
14.725 5.2529 42.338 
14.706 5.1929 42.336 
14.687 5.1335 42.333 
14.668 5.0745 42.329 
14.648 5.016 42.326 
14.629 4.958 42.322 
14.609 4.9005 42.317 
14.589 4.8434 42.313 
14.569 4.7867 42.308 
14.549 4.7304 42.303 
14.529 4.6746 42.298 
14.509 4.6192 42.292 
14.488 4.5642 42.286 
14.468 4.5095 42.28 
14.447 4.4553 42.273 
14.426 4.4013 42.267 
14.405 4.3478 42.26 
14.384 4.2946 42.252 
14.362 4.2417 42.245 
14.341 4.1891 42.237 
14.319 4.1369 42.229 
14.298 4.0849 42.221 
14.276 4.0333 42.212 
14.254 3.9819 42.204 
14.232 3.9308 42.195 
14.21 3.8799 42.185 
14.188 3.8293 42.176 
14.165 3.7789 42.166 
14.143 3.7288 42.156 
14.12 3.6788 42.146 
14.098 3.6291 42.136 
14.075 3.5795 42.125 
14.052 3.5302 42.115 
14.029 3.481 42.104 
14.006 3.432 42.092 
13.983 3.3831 42.081 
13.96 3.3343 42.069 
13.937 3.2857 42.058 
13.913 3.2372 42.046 
13.89 3.1888 42.034 
13.866 3.1405 42.021 
13.843 3.0923 42.009 
13.819 3.0442 41.996 
13.796 2.9961 41.983 
13.772 2.9481 41.97 
13.748 2.9002 41.957 
13.724 2.8522 41.943 
13.7 2.8043 41.93 
13.676 2.7564 41.916 
13.652 2.7085 41.902 
13.628 2.6606 41.888 
13.604 2.6127 41.874 
13.58 2.5647 41.86 
13.556 2.5167 41.845 
13.532 2.4686 41.831 
13.507 2.4205 41.816 
13.483 2.3723 41.801 
13.459 2.324 41.786 
13.434 2.2757 41.771 
13.41 2.2272 41.755 
13.386 2.1786 41.74 
13.361 2.1299 41.724 
13.337 2.081 41.709 
13.312 2.032 41.693 
13.288 1.9828 41.677 
13.263 1.9335 41.661 
13.239 1.884 41.645 
13.214 1.8343 41.629 
13.19 1.7844 41.612 
13.165 1.7342 41.596 
13.141 1.6839 41.58 
13.116 1.6333 41.563 
13.092 1.5825 41.546 
13.067 1.5314 41.53 
13.043 1.4801 41.513 
13.018 1.4285 41.496 
12.994 1.377 41.479 
12.969 1.3262 41.462 
12.945 1.2761 41.444 
12.92 1.2265 41.427 
12.895 1.1776 41.409 
12.87 1.1292 41.391 
12.845 1.0815 41.373 
12.82 1.0343 41.355 
12.795 0.9877 41.336 
12.77 0.94164 41.318 
12.745 0.89613 41.299 
12.719 0.85115 41.28 
12.694 0.80669 41.261 
12.668 0.76274 41.242 
12.643 0.7193 41.223 
12.617 0.67635 41.203 
12.591 0.63387 41.183 
12.565 0.59187 41.164 
12.54 0.55032 41.144 
12.514 0.50922 41.124 
12.488 0.46856 41.103 
12.462 0.42832 41.083 
12.436 0.3885 41.062 
12.409 0.34908 41.042 
12.383 0.31006 41.021 
12.357 0.27142 41 
12.33 0.23315 40.979 
12.304 0.19524 40.957 
12.277 0.15769 40.936 
12.251 0.12047 40.914 
12.224 0.083585 40.892 
12.198 0.047017 40.871 
12.171 0.010757 40.849 
12.144 -0.025205 40.826 
12.117 -0.060881 40.804 
12.09 -0.096282 40.782 
12.063 -0.13142 40.759 
12.036 -0.1663 40.737 
12.009 -0.20094 40.714 
11.982 -0.23534 40.691 
11.955 -0.26952 40.668 
11.928 -0.3035 40.644 
11.901 -0.33727 40.621 
11.873 -0.37085 40.598 
11.846 -0.40425 40.574 
11.818 -0.43748 40.55 
11.791 -0.47056 40.527 
11.764 -0.50349 40.503 
11.736 -0.53628 40.478 
11.708 -0.56895 40.454 
11.681 -0.6015 40.43 
11.653 -0.63395 40.405 
11.625 -0.66631 40.381 
11.598 -0.69858 40.356 
11.57 -0.73078 40.331 
11.542 -0.76292 40.307 
11.514 -0.79501 40.281 
11.486 -0.82706 40.256 
11.458 -0.85908 40.231 
11.43 -0.89109 40.206 
11.402 -0.92308 40.18 
11.374 -0.95508 40.155 
11.346 -0.9871 40.129 
11.318 -1.0191 40.103 
11.29 -1.0512 40.077 
11.262 -1.0833 40.051 
11.234 -1.1155 40.025 
11.205 -1.1478 39.999 
11.177 -1.1801 39.973 
11.149 -1.2125 39.946 
11.121 -1.245 39.92 
11.092 -1.2776 39.893 
11.064 -1.3104 39.867 
11.036 -1.3432 39.84 
11.007 -1.3763 39.813 
10.979 -1.4094 39.786 
10.95 -1.4428 39.759 
10.922 -1.4763 39.732 
10.893 -1.51 39.704 
10.865 -1.5439 39.677 
10.836 -1.5777 39.65 
10.808 -1.611 39.622 
10.78 -1.644 39.595 
10.751 -1.6765 39.567 
10.723 -1.7087 39.54 
10.695 -1.7404 39.512 
10.667 -1.7718 39.485 
10.638 -1.8028 39.457 
10.61 -1.8333 39.43 
10.582 -1.8635 39.402 
10.554 -1.8934 39.375 
10.526 -1.9228 39.347 
10.498 -1.9519 39.32 
10.47 -1.9807 39.292 
10.442 -2.0091 39.265 
10.414 -2.0371 39.237 
10.386 -2.0648 39.209 
10.359 -2.0921 39.182 
10.331 -2.1192 39.154 
10.303 -2.1459 39.126 
10.275 -2.1722 39.098 
10.248 -2.1983 39.071 
10.22 -2.224 39.043 
10.192 -2.2495 39.015 
10.165 -2.2746 38.987 
10.137 -2.2994 38.959 
10.109 -2.324 38.932 
10.082 -2.3482 38.904 
10.054 -2.3722 38.876 
10.027 -2.3959 38.848 
9.9992 -2.4193 38.82 
9.9717 -2.4424 38.792 
9.9442 -2.4653 38.764 
9.9167 -2.4879 38.736 
9.8893 -2.5103 38.707 
9.8618 -2.5324 38.679 
9.8344 -2.5543 38.651 
9.8069 -2.576 38.623 
9.7795 -2.5974 38.595 
9.752 -2.6186 38.566 
9.7246 -2.6395 38.538 
9.6972 -2.6603 38.51 
9.6698 -2.6808 38.481 
9.6424 -2.7011 38.453 
9.615 -2.7212 38.424 
9.5876 -2.7411 38.396 
9.5602 -2.7609 38.367 
9.5327 -2.7804 38.339 
9.5053 -2.7997 38.31 
9.4779 -2.8189 38.282 
9.4505 -2.8379 38.253 
9.4231 -2.8567 38.224 
9.3956 -2.8754 38.195 
9.3682 -2.8939 38.167 
9.3407 -2.9123 38.138 
9.3133 -2.9305 38.109 
9.2858 -2.9485 38.08 
9.2583 -2.9665 38.051 
9.2308 -2.9843 38.022 
9.2033 -3.0019 37.993 
9.1757 -3.0195 37.964 
9.1482 -3.0369 37.934 
9.1206 -3.0542 37.905 
9.093 -3.0714 37.876 
9.0654 -3.0885 37.847 
9.0378 -3.1055 37.817 
9.0102 -3.1224 37.788 
8.9825 -3.1392 37.758 
8.9548 -3.1559 37.729 
8.9271 -3.1726 37.699 
8.8993 -3.1892 37.67 
8.8716 -3.2057 37.64 
8.8438 -3.2221 37.61 
8.8159 -3.2385 37.581 
8.7881 -3.2549 37.551 
8.7602 -3.2712 37.521 
8.7323 -3.2874 37.491 
8.7043 -3.3036 37.461 
8.6763 -3.3198 37.431 
8.6483 -3.3359 37.401 
8.6203 -3.3519 37.371 
8.5923 -3.3677 37.341 
8.5644 -3.3832 37.311 
8.5365 -3.3985 37.281 
8.5087 -3.4136 37.25 
8.481 -3.4284 37.22 
8.4533 -3.443 37.19 
8.4256 -3.4573 37.16 
8.3981 -3.4715 37.13 
8.3705 -3.4854 37.1 
8.343 -3.4991 37.071 
8.3156 -3.5126 37.041 
8.2882 -3.5259 37.011 
8.2609 -3.539 36.981 
8.2337 -3.5519 36.951 
8.2064 -3.5646 36.921 
8.1793 -3.5771 36.891 
8.1522 -3.5894 36.861 
8.1251 -3.6015 36.832 
8.0981 -3.6135 36.802 
8.0711 -3.6252 36.772 
8.0442 -3.6368 36.742 
8.0174 -3.6482 36.713 
7.9906 -3.6595 36.683 
7.9638 -3.6706 36.653 
7.9371 -3.6815 36.624 
7.9105 -3.6922 36.594 
7.8839 -3.7028 36.564 
7.8573 -3.7133 36.535 
7.8308 -3.7236 36.505 
7.8044 -3.7337 36.476 
7.778 -3.7437 36.446 
7.7516 -3.7536 36.417 
7.7253 -3.7633 36.387 
7.699 -3.7729 36.358 
7.6728 -3.7824 36.328 
7.6467 -3.7917 36.299 
7.6206 -3.8009 36.27 
7.5945 -3.81 36.24 
7.5685 -3.819 36.211 
7.5425 -3.8279 36.182 
7.5166 -3.8367 36.152 
7.4908 -3.8453 36.123 
7.4649 -3.8539 36.094 
7.4392 -3.8624 36.064 
7.4134 -3.8707 36.035 
7.3878 -3.879 36.006 
7.3621 -3.8872 35.977 
7.3366 -3.8953 35.948 
7.311 -3.9034 35.919 
7.2855 -3.9113 35.89 
7.2601 -3.9192 35.861 
7.2347 -3.927 35.832 
7.2093 -3.9347 35.803 
7.184 -3.9424 35.774 
7.1588 -3.95 35.745 
7.1336 -3.9576 35.716 
7.1084 -3.9651 35.687 
7.0833 -3.9725 35.658 
7.0582 -3.9799 35.629 
7.0332 -3.9873 35.6 
7.0082 -3.9946 35.572 
6.9832 -4.0019 35.543 
6.9583 -4.0091 35.514 
6.9335 -4.0164 35.485 
6.9087 -4.0236 35.457 
6.8839 -4.0307 35.428 
6.8592 -4.0379 35.4 
6.8345 -4.045 35.371 
6.8099 -4.0522 35.342 
6.7853 -4.0593 35.314 
6.7607 -4.0664 35.285 
6.7362 -4.0735 35.257 
6.7117 -4.0806 35.228 
6.6873 -4.0877 35.2 
6.6629 -4.0948 35.172 
6.6386 -4.102 35.143 
6.6143 -4.1091 35.115 
6.59 -4.1163 35.087 
6.5658 -4.1235 35.058 
6.5416 -4.1305 35.03 
6.5173 -4.1372 35.002 
6.493 -4.1436 34.973 
6.4686 -4.1497 34.945 
6.4441 -4.1555 34.916 
6.4196 -4.161 34.887 
6.395 -4.1662 34.858 
6.3704 -4.1711 34.83 
6.3458 -4.1757 34.801 
6.3211 -4.1802 34.772 
6.2964 -4.1843 34.742 
6.2716 -4.1882 34.713 
6.2468 -4.1919 34.684 
6.222 -4.1954 34.655 
6.1972 -4.1986 34.625 
6.1723 -4.2016 34.596 
6.1475 -4.2045 34.567 
6.1226 -4.2071 34.537 
6.0977 -4.2096 34.508 
6.0728 -4.2119 34.478 
6.0479 -4.214 34.449 
6.0231 -4.216 34.419 
5.9982 -4.2178 34.39 
5.9733 -4.2195 34.36 
5.9484 -4.221 34.331 
5.9236 -4.2224 34.301 
5.8987 -4.2237 34.271 
5.8739 -4.2249 34.242 
5.8491 -4.2261 34.212 
5.8244 -4.2271 34.183 
5.7996 -4.228 34.153 
5.7749 -4.2289 34.124 
5.7503 -4.2297 34.094 
5.7256 -4.2304 34.065 
5.7011 -4.2311 34.035 
5.6765 -4.2318 34.006 
5.6521 -4.2324 33.976 
5.6276 -4.2331 33.947 
5.6033 -4.2337 33.918 
5.5789 -4.2343 33.888 
5.5547 -4.2349 33.859 
5.5305 -4.2355 33.83 
5.5064 -4.2361 33.801 
5.4824 -4.2368 33.772 
5.4584 -4.2375 33.743 
5.4345 -4.2382 33.714 
5.4107 -4.239 33.686 
5.387 -4.2399 33.657 
5.3634 -4.2409 33.628 
5.3398 -4.2419 33.6 
5.3164 -4.243 33.571 
5.2931 -4.2442 33.543 
5.2698 -4.2455 33.515 
5.2467 -4.247 33.487 
5.2237 -4.2485 33.459 
5.2008 -4.2502 33.431 
5.178 -4.252 33.403 
5.1553 -4.254 33.375 
5.1328 -4.2561 33.348 
5.1103 -4.2584 33.32 
5.0881 -4.2609 33.293 
5.0659 -4.2636 33.266 
5.0439 -4.2664 33.239 
5.022 -4.2694 33.212 
5.0002 -4.2727 33.185 
4.9786 -4.2762 33.159 
4.9572 -4.2799 33.132 
4.9359 -4.2838 33.106 
4.9147 -4.288 33.08 
4.8937 -4.2924 33.054 
4.8729 -4.2971 33.028 
4.8522 -4.302 33.003 
4.8317 -4.3072 32.978 
4.8114 -4.3127 32.952 
4.7912 -4.3185 32.927 
4.7713 -4.3246 32.903 
4.7515 -4.331 32.878 
4.7319 -4.3377 32.853 
4.7125 -4.3448 32.829 
4.6932 -4.3522 32.805 
