1 3
0 0.3
0 10 10 10 
1 10 11.1 10.5 
2 10.1 12.2 11.1 
3 10.3 13.3 11.8 
4 10.5 14.3 12.5 
5 10.8 15.3 13.3 
6 11.1 16.2 14.2 
7 11.5 17.1 15.2 
8 11.9 18 16.3 
9 12.3 18.7 17.5 
10 12.7 19.5 18.7 
11 13.2 20.1 20.1 
12 13.6 20.6 21.6 
13 14.1 21 23 
14 14.5 21.3 24.6 
15 14.9 21.3 26.3 
16 15.3 21.4 27.9 
17 15.7 21.2 29.7 
18 16 20.7 31.3 
19 16.3 20.2 32.9 
20 16.5 19.5 34.5 
21 16.6 18.5 36 
22 16.8 17.5 37.4 
23 16.7 16.3 38.6 
24 16.7 14.9 39.6 
25 16.6 13.4 40.6 
26 16.3 12 41.3 
27 16.1 10.3 41.8 
28 15.8 8.62 42.3 
29 15.3 7.24 42.4 
30 14.8 5.56 42.3 
31 14.3 3.88 42.3 
32 13.7 2.81 41.9 
33 13 1.43 41.5 
34 12.4 0.0482 41 
35 11.6 -0.637 40.4 
36 10.9 -1.54 39.7 
37 10.1 -2.45 38.9 
38 9.4 -2.91 38.2 
39 8.65 -3.34 37.4 
40 7.9 -3.77 36.6 
41 7.21 -3.93 35.8 
42 6.57 -4.12 35.1 
43 5.92 -4.32 34.3 
44 5.2 -4.15 33.4 
45 4.69 -4.35 32.8 
