9.9749 9.9595 10.037 
9.9742 9.9867 10.051 
9.9735 10.014 10.064 
9.9728 10.041 10.077 
9.9722 10.068 10.091 
9.9717 10.095 10.104 
9.9712 10.122 10.117 
9.9707 10.149 10.131 
9.9703 10.176 10.144 
9.97 10.203 10.158 
9.9697 10.23 10.171 
9.9694 10.257 10.185 
9.9692 10.284 10.199 
9.969 10.31 10.212 
9.9689 10.337 10.226 
9.9688 10.364 10.24 
9.9688 10.391 10.253 
9.9688 10.417 10.267 
9.9689 10.444 10.281 
9.969 10.47 10.295 
9.9692 10.497 10.309 
9.9694 10.523 10.323 
9.9696 10.55 10.337 
9.9699 10.576 10.351 
9.9703 10.603 10.365 
9.9707 10.629 10.379 
9.9711 10.656 10.393 
9.9716 10.682 10.407 
9.9721 10.708 10.421 
9.9727 10.735 10.436 
9.9733 10.761 10.45 
9.9739 10.787 10.464 
9.9746 10.813 10.478 
9.9754 10.839 10.493 
9.9762 10.866 10.507 
9.977 10.892 10.522 
9.9779 10.918 10.536 
9.9788 10.944 10.551 
9.9797 10.97 10.565 
9.9807 10.996 10.58 
9.9818 11.022 10.594 
9.9829 11.048 10.609 
9.984 11.074 10.624 
9.9852 11.1 10.639 
9.9864 11.126 10.653 
9.9876 11.151 10.668 
9.9889 11.177 10.683 
9.9903 11.203 10.698 
9.9916 11.229 10.713 
9.9931 11.254 10.728 
9.9945 11.28 10.743 
9.996 11.306 10.758 
9.9976 11.332 10.773 
9.9991 11.357 10.788 
10.001 11.383 10.803 
10.002 11.408 10.818 
10.004 11.434 10.834 
10.006 11.459 10.849 
10.008 11.485 10.864 
10.009 11.51 10.88 
10.011 11.536 10.895 
10.013 11.561 10.91 
10.015 11.587 10.926 
10.017 11.612 10.941 
10.019 11.638 10.957 
10.021 11.663 10.973 
10.023 11.688 10.988 
10.025 11.714 11.004 
10.028 11.739 11.02 
10.03 11.764 11.035 
10.032 11.789 11.051 
10.034 11.815 11.067 
10.037 11.84 11.083 
10.039 11.865 11.099 
10.041 11.89 11.115 
10.044 11.915 11.131 
10.046 11.94 11.147 
10.049 11.966 11.163 
10.051 11.991 11.179 
10.054 12.016 11.195 
10.056 12.041 11.211 
10.059 12.066 11.228 
10.062 12.091 11.244 
10.064 12.116 11.26 
10.067 12.141 11.276 
10.07 12.166 11.293 
10.073 12.191 11.309 
10.076 12.215 11.326 
10.078 12.24 11.342 
10.081 12.265 11.359 
10.084 12.29 11.376 
10.087 12.315 11.392 
10.09 12.34 11.409 
10.093 12.365 11.426 
10.096 12.389 11.443 
10.1 12.414 11.459 
10.103 12.439 11.476 
10.106 12.464 11.493 
10.109 12.488 11.51 
10.112 12.513 11.527 
10.116 12.538 11.544 
10.119 12.562 11.561 
10.122 12.587 11.578 
10.126 12.612 11.596 
10.129 12.636 11.613 
10.133 12.661 11.63 
10.136 12.685 11.647 
10.14 12.71 11.665 
10.143 12.734 11.682 
10.147 12.758 11.7 
10.15 12.783 11.717 
10.154 12.807 11.735 
10.158 12.831 11.752 
10.162 12.856 11.77 
10.166 12.88 11.787 
10.169 12.904 11.805 
10.173 12.928 11.823 
10.177 12.952 11.84 
10.181 12.977 11.858 
10.185 13.001 11.876 
10.189 13.025 11.894 
10.193 13.049 11.912 
10.197 13.073 11.93 
10.202 13.097 11.948 
10.206 13.12 11.966 
10.21 13.144 11.984 
10.214 13.168 12.002 
10.219 13.192 12.02 
10.223 13.216 12.038 
10.227 13.24 12.057 
10.232 13.263 12.075 
10.236 13.287 12.093 
10.241 13.311 12.112 
10.245 13.334 12.13 
10.25 13.358 12.148 
10.254 13.382 12.167 
10.259 13.405 12.185 
10.263 13.429 12.204 
10.268 13.452 12.223 
10.273 13.476 12.241 
10.277 13.499 12.26 
10.282 13.523 12.279 
10.287 13.546 12.297 
10.292 13.569 12.316 
10.297 13.593 12.335 
10.301 13.616 12.354 
10.306 13.639 12.373 
10.311 13.662 12.392 
10.316 13.686 12.411 
10.321 13.709 12.43 
10.326 13.732 12.449 
10.331 13.755 12.468 
10.336 13.778 12.487 
10.341 13.801 12.506 
10.347 13.825 12.526 
10.352 13.848 12.545 
10.357 13.871 12.564 
10.362 13.894 12.584 
10.367 13.917 12.603 
10.373 13.939 12.622 
10.378 13.962 12.642 
10.383 13.985 12.661 
10.389 14.008 12.681 
10.394 14.031 12.7 
10.4 14.054 12.72 
10.405 14.077 12.74 
10.41 14.099 12.759 
10.416 14.122 12.779 
10.421 14.145 12.799 
10.427 14.168 12.819 
10.432 14.19 12.839 
10.438 14.213 12.859 
10.444 14.236 12.879 
10.449 14.258 12.898 
10.455 14.281 12.918 
10.461 14.303 12.939 
10.466 14.326 12.959 
10.472 14.348 12.979 
10.478 14.371 12.999 
10.484 14.393 13.019 
10.489 14.416 13.039 
10.495 14.438 13.06 
10.501 14.461 13.08 
10.507 14.483 13.1 
10.513 14.505 13.121 
10.519 14.528 13.141 
10.525 14.55 13.162 
10.53 14.572 13.182 
10.536 14.595 13.203 
10.542 14.617 13.223 
10.548 14.639 13.244 
10.554 14.661 13.265 
10.56 14.684 13.285 
10.567 14.706 13.306 
10.573 14.728 13.327 
10.579 14.75 13.348 
10.585 14.772 13.369 
10.591 14.794 13.389 
10.597 14.816 13.41 
10.603 14.838 13.431 
10.609 14.86 13.452 
10.616 14.883 13.473 
10.622 14.904 13.495 
10.628 14.926 13.516 
10.634 14.948 13.537 
10.641 14.97 13.558 
10.647 14.992 13.579 
10.653 15.014 13.601 
10.66 15.036 13.622 
10.666 15.057 13.644 
10.673 15.079 13.665 
10.679 15.101 13.687 
10.686 15.122 13.708 
10.692 15.144 13.73 
10.699 15.165 13.752 
10.705 15.187 13.773 
10.712 15.208 13.795 
10.719 15.23 13.817 
10.725 15.251 13.839 
10.732 15.272 13.861 
10.739 15.294 13.883 
10.745 15.315 13.905 
10.752 15.336 13.927 
10.759 15.357 13.949 
10.766 15.378 13.971 
10.773 15.4 13.993 
10.779 15.421 14.015 
10.786 15.442 14.038 
10.793 15.463 14.06 
10.8 15.484 14.082 
10.807 15.505 14.105 
10.814 15.525 14.127 
10.821 15.546 14.15 
10.828 15.567 14.172 
10.835 15.588 14.195 
10.842 15.609 14.218 
10.849 15.629 14.24 
10.857 15.65 14.263 
10.864 15.671 14.286 
10.871 15.691 14.309 
10.878 15.712 14.331 
10.885 15.732 14.354 
10.893 15.753 14.377 
10.9 15.773 14.4 
10.907 15.794 14.423 
10.915 15.814 14.446 
10.922 15.835 14.469 
10.929 15.855 14.493 
10.937 15.875 14.516 
10.944 15.895 14.539 
10.951 15.916 14.562 
10.959 15.936 14.585 
10.966 15.956 14.609 
10.974 15.976 14.632 
10.982 15.996 14.656 
10.989 16.016 14.679 
10.997 16.036 14.703 
11.004 16.056 14.726 
11.012 16.076 14.75 
11.02 16.096 14.773 
11.027 16.116 14.797 
11.035 16.136 14.821 
11.043 16.156 14.844 
11.05 16.176 14.868 
11.058 16.195 14.892 
11.066 16.215 14.916 
11.074 16.235 14.94 
11.082 16.254 14.964 
11.089 16.274 14.988 
11.097 16.294 15.012 
11.105 16.313 15.036 
11.113 16.333 15.06 
11.121 16.352 15.084 
11.129 16.372 15.108 
11.137 16.391 15.132 
11.145 16.411 15.156 
11.153 16.43 15.181 
11.161 16.449 15.205 
11.169 16.469 15.229 
11.177 16.488 15.254 
11.185 16.507 15.278 
11.193 16.526 15.302 
11.202 16.546 15.327 
11.21 16.565 15.351 
11.218 16.584 15.376 
11.226 16.603 15.401 
11.234 16.622 15.425 
11.243 16.641 15.45 
11.251 16.66 15.474 
11.259 16.679 15.499 
11.267 16.698 15.524 
11.276 16.717 15.549 
11.284 16.736 15.573 
11.293 16.755 15.598 
11.301 16.774 15.623 
11.309 16.792 15.648 
11.318 16.811 15.673 
11.326 16.83 15.698 
11.335 16.849 15.723 
11.343 16.867 15.748 
11.352 16.886 15.773 
11.36 16.905 15.798 
11.369 16.923 15.823 
11.377 16.942 15.848 
11.386 16.96 15.874 
11.394 16.979 15.899 
11.403 16.997 15.924 
11.412 17.015 15.95 
11.42 17.034 15.975 
11.429 17.052 16.001 
11.437 17.07 16.026 
11.446 17.088 16.052 
11.455 17.106 16.078 
11.464 17.125 16.103 
11.472 17.143 16.129 
11.481 17.161 16.155 
11.49 17.179 16.181 
11.498 17.196 16.207 
11.507 17.214 16.233 
11.516 17.232 16.259 
11.525 17.25 16.285 
11.534 17.268 16.311 
11.542 17.286 16.337 
11.551 17.303 16.364 
11.56 17.321 16.39 
11.569 17.338 16.416 
11.578 17.356 16.443 
11.587 17.374 16.469 
11.596 17.391 16.496 
11.604 17.408 16.522 
11.613 17.426 16.549 
11.622 17.443 16.575 
11.631 17.461 16.602 
11.64 17.478 16.629 
11.649 17.495 16.656 
11.658 17.512 16.682 
11.667 17.53 16.709 
11.676 17.547 16.736 
11.686 17.564 16.763 
11.695 17.581 16.79 
11.704 17.598 16.817 
11.713 17.615 16.844 
11.722 17.632 16.872 
11.731 17.649 16.899 
11.74 17.666 16.926 
11.75 17.683 16.953 
11.759 17.699 16.981 
11.768 17.716 17.008 
11.777 17.733 17.036 
11.786 17.75 17.063 
11.796 17.766 17.091 
11.805 17.783 17.118 
11.814 17.8 17.146 
11.824 17.816 17.173 
11.833 17.833 17.201 
11.842 17.85 17.229 
11.852 17.866 17.257 
11.861 17.883 17.285 
11.871 17.899 17.312 
11.88 17.915 17.34 
11.889 17.932 17.368 
11.899 17.948 17.396 
11.908 17.964 17.424 
11.918 17.981 17.452 
11.927 17.997 17.481 
11.937 18.013 17.509 
11.947 18.03 17.537 
11.956 18.046 17.565 
11.966 18.062 17.594 
11.975 18.078 17.622 
11.985 18.094 17.65 
11.995 18.11 17.679 
12.004 18.126 17.707 
12.014 18.142 17.736 
12.024 18.158 17.764 
12.034 18.174 17.793 
12.043 18.19 17.821 
12.053 18.206 17.85 
12.063 18.222 17.879 
12.073 18.238 17.908 
12.083 18.254 17.936 
12.092 18.27 17.965 
12.102 18.285 17.994 
12.112 18.301 18.023 
12.122 18.317 18.052 
12.132 18.333 18.081 
12.142 18.348 18.11 
12.152 18.364 18.139 
12.162 18.38 18.168 
12.172 18.395 18.197 
12.182 18.411 18.226 
12.192 18.426 18.256 
12.202 18.442 18.285 
12.212 18.458 18.314 
12.223 18.473 18.343 
12.233 18.489 18.373 
12.243 18.504 18.402 
12.253 18.52 18.432 
12.263 18.535 18.461 
12.274 18.55 18.49 
12.284 18.566 18.52 
12.294 18.581 18.55 
12.304 18.597 18.579 
12.315 18.612 18.609 
12.325 18.627 18.639 
12.335 18.642 18.668 
12.346 18.657 18.698 
12.356 18.672 18.728 
12.366 18.687 18.758 
12.376 18.702 18.788 
12.387 18.717 18.818 
12.397 18.731 18.848 
12.407 18.746 18.878 
12.418 18.76 18.908 
12.428 18.775 18.939 
12.438 18.789 18.969 
12.449 18.804 18.999 
12.459 18.818 19.03 
12.469 18.832 19.06 
12.479 18.847 19.091 
12.49 18.861 19.121 
12.5 18.875 19.152 
12.51 18.889 19.182 
12.521 18.903 19.213 
12.531 18.917 19.244 
12.542 18.931 19.274 
12.552 18.944 19.305 
12.562 18.958 19.336 
12.573 18.972 19.367 
12.583 18.985 19.398 
12.593 18.999 19.429 
12.604 19.013 19.46 
12.614 19.026 19.491 
12.624 19.039 19.522 
12.635 19.053 19.554 
12.645 19.066 19.585 
12.656 19.079 19.616 
12.666 19.092 19.647 
12.676 19.105 19.679 
12.687 19.119 19.71 
12.697 19.132 19.742 
12.708 19.145 19.773 
12.718 19.157 19.805 
12.728 19.17 19.836 
12.739 19.183 19.868 
12.749 19.196 19.9 
12.76 19.209 19.932 
12.77 19.221 19.963 
12.781 19.234 19.995 
12.791 19.246 20.027 
12.802 19.259 20.059 
12.812 19.271 20.091 
12.822 19.284 20.123 
12.833 19.296 20.155 
12.843 19.308 20.187 
12.854 19.321 20.219 
12.864 19.333 20.252 
12.875 19.345 20.284 
12.885 19.357 20.316 
12.896 19.369 20.349 
12.906 19.381 20.381 
12.917 19.393 20.413 
12.928 19.405 20.446 
12.938 19.417 20.478 
12.949 19.429 20.511 
12.959 19.44 20.543 
12.97 19.452 20.576 
12.98 19.464 20.609 
12.991 19.475 20.642 
13.001 19.487 20.674 
13.012 19.499 20.707 
13.023 19.51 20.74 
13.033 19.522 20.773 
13.044 19.533 20.806 
13.054 19.544 20.839 
13.065 19.556 20.872 
13.076 19.567 20.905 
13.086 19.578 20.938 
13.097 19.59 20.971 
13.108 19.601 21.004 
13.118 19.612 21.037 
13.129 19.623 21.071 
13.14 19.634 21.104 
13.15 19.645 21.137 
13.161 19.656 21.171 
13.172 19.667 21.204 
13.182 19.678 21.238 
13.193 19.689 21.271 
13.204 19.7 21.305 
13.215 19.711 21.338 
13.225 19.721 21.372 
13.236 19.732 21.406 
13.247 19.743 21.439 
13.258 19.754 21.473 
13.268 19.764 21.507 
13.279 19.775 21.541 
13.29 19.785 21.574 
13.301 19.796 21.608 
13.312 19.806 21.642 
13.322 19.817 21.676 
13.333 19.827 21.71 
13.344 19.838 21.744 
13.355 19.848 21.778 
13.366 19.858 21.813 
13.377 19.868 21.847 
13.387 19.878 21.881 
13.398 19.888 21.915 
13.409 19.898 21.95 
13.42 19.908 21.984 
13.431 19.918 22.018 
13.442 19.928 22.053 
13.452 19.937 22.087 
13.463 19.947 22.122 
13.474 19.956 22.156 
13.485 19.965 22.191 
13.496 19.975 22.226 
13.506 19.984 22.261 
13.517 19.993 22.295 
13.528 20.002 22.33 
13.539 20.011 22.365 
13.55 20.02 22.4 
13.56 20.029 22.435 
13.571 20.038 22.47 
13.582 20.046 22.505 
13.593 20.055 22.54 
13.604 20.063 22.575 
13.614 20.072 22.61 
13.625 20.08 22.645 
13.636 20.088 22.68 
13.647 20.097 22.716 
13.657 20.105 22.751 
13.668 20.113 22.786 
13.679 20.121 22.822 
13.69 20.129 22.857 
13.7 20.136 22.893 
13.711 20.144 22.928 
13.722 20.152 22.964 
13.732 20.159 22.999 
13.743 20.167 23.035 
13.754 20.174 23.07 
13.765 20.182 23.106 
13.775 20.189 23.142 
13.786 20.196 23.178 
13.797 20.203 23.213 
13.807 20.21 23.249 
13.818 20.217 23.285 
13.829 20.224 23.321 
13.84 20.231 23.357 
13.85 20.238 23.393 
13.861 20.245 23.429 
13.872 20.251 23.465 
13.882 20.258 23.501 
13.893 20.264 23.537 
13.903 20.271 23.573 
13.914 20.277 23.61 
13.925 20.283 23.646 
13.935 20.289 23.682 
13.946 20.296 23.718 
13.957 20.302 23.755 
13.967 20.308 23.791 
13.978 20.313 23.828 
13.988 20.319 23.864 
13.999 20.325 23.9 
14.01 20.331 23.937 
14.02 20.336 23.974 
14.031 20.342 24.01 
14.041 20.347 24.047 
14.052 20.353 24.083 
14.063 20.358 24.12 
14.073 20.363 24.157 
14.084 20.368 24.193 
14.094 20.374 24.23 
14.105 20.379 24.267 
14.115 20.384 24.304 
14.126 20.388 24.341 
14.136 20.393 24.377 
14.147 20.398 24.414 
14.157 20.403 24.451 
14.168 20.407 24.488 
14.178 20.412 24.525 
14.189 20.416 24.562 
14.199 20.421 24.599 
14.21 20.425 24.636 
14.22 20.429 24.674 
14.231 20.433 24.711 
14.241 20.438 24.748 
14.252 20.442 24.785 
14.262 20.446 24.822 
14.272 20.45 24.86 
14.283 20.453 24.897 
14.293 20.457 24.934 
14.304 20.461 24.971 
14.314 20.465 25.009 
14.324 20.468 25.046 
14.335 20.472 25.084 
14.345 20.475 25.121 
14.355 20.478 25.159 
14.366 20.482 25.196 
14.376 20.485 25.233 
14.386 20.488 25.271 
14.397 20.491 25.309 
14.407 20.494 25.346 
14.417 20.497 25.384 
14.428 20.5 25.421 
14.438 20.503 25.459 
14.448 20.505 25.497 
14.458 20.508 25.535 
14.469 20.511 25.572 
14.479 20.513 25.61 
14.489 20.515 25.648 
14.499 20.518 25.686 
14.51 20.52 25.724 
14.52 20.522 25.761 
14.53 20.524 25.799 
14.54 20.526 25.837 
14.55 20.527 25.875 
14.56 20.529 25.913 
14.57 20.531 25.951 
14.58 20.532 25.989 
14.591 20.534 26.027 
14.601 20.535 26.065 
14.611 20.536 26.103 
14.621 20.538 26.142 
14.631 20.539 26.18 
14.641 20.54 26.218 
14.651 20.541 26.256 
14.661 20.541 26.294 
14.671 20.542 26.332 
14.681 20.543 26.371 
14.69 20.543 26.409 
14.7 20.544 26.447 
14.71 20.544 26.486 
14.72 20.545 26.524 
14.73 20.545 26.562 
14.74 20.545 26.601 
14.75 20.545 26.639 
14.76 20.545 26.677 
14.769 20.545 26.716 
14.779 20.544 26.754 
14.789 20.544 26.793 
14.799 20.544 26.831 
14.808 20.543 26.869 
14.818 20.542 26.908 
14.828 20.542 26.946 
14.838 20.541 26.985 
14.847 20.54 27.024 
14.857 20.539 27.062 
14.867 20.538 27.101 
14.876 20.537 27.139 
14.886 20.536 27.178 
14.895 20.534 27.216 
14.905 20.533 27.255 
14.915 20.531 27.294 
14.924 20.53 27.332 
14.934 20.528 27.371 
14.943 20.526 27.409 
14.953 20.524 27.448 
14.962 20.522 27.487 
14.971 20.52 27.525 
14.981 20.518 27.564 
14.99 20.515 27.603 
15 20.513 27.642 
15.009 20.511 27.68 
15.018 20.508 27.719 
15.028 20.505 27.758 
15.037 20.503 27.796 
15.046 20.5 27.835 
15.056 20.497 27.874 
15.065 20.494 27.913 
15.074 20.491 27.951 
15.083 20.487 27.99 
15.093 20.484 28.029 
15.102 20.48 28.068 
15.111 20.477 28.107 
15.12 20.473 28.145 
15.129 20.47 28.184 
15.138 20.466 28.223 
15.147 20.462 28.262 
15.156 20.458 28.301 
15.165 20.454 28.339 
15.174 20.45 28.378 
15.183 20.445 28.417 
15.192 20.441 28.456 
15.201 20.436 28.495 
15.21 20.432 28.533 
15.219 20.427 28.572 
15.228 20.422 28.611 
15.237 20.417 28.65 
15.246 20.412 28.689 
15.255 20.407 28.728 
15.264 20.402 28.766 
15.272 20.397 28.805 
15.281 20.391 28.844 
15.29 20.386 28.883 
15.299 20.38 28.922 
15.307 20.375 28.96 
15.316 20.369 28.999 
15.325 20.363 29.038 
15.333 20.357 29.077 
15.342 20.351 29.116 
15.35 20.345 29.154 
15.359 20.338 29.193 
15.367 20.332 29.232 
15.376 20.326 29.271 
15.385 20.319 29.31 
15.393 20.312 29.348 
15.401 20.306 29.387 
15.41 20.299 29.426 
15.418 20.292 29.465 
15.427 20.285 29.503 
15.435 20.277 29.542 
15.443 20.27 29.581 
15.452 20.263 29.62 
15.46 20.255 29.658 
15.468 20.248 29.697 
15.477 20.24 29.736 
15.485 20.232 29.774 
15.493 20.224 29.813 
15.501 20.217 29.852 
15.51 20.208 29.89 
15.518 20.2 29.929 
15.526 20.192 29.968 
15.534 20.184 30.006 
15.542 20.175 30.045 
15.55 20.167 30.084 
15.558 20.158 30.122 
15.566 20.149 30.161 
15.574 20.14 30.199 
15.582 20.131 30.238 
15.59 20.122 30.276 
15.598 20.113 30.315 
15.606 20.104 30.354 
15.614 20.095 30.392 
15.622 20.085 30.431 
15.629 20.076 30.469 
15.637 20.066 30.508 
15.645 20.056 30.546 
15.653 20.046 30.584 
15.66 20.036 30.623 
15.668 20.026 30.661 
15.676 20.016 30.7 
15.683 20.006 30.738 
15.691 19.996 30.776 
15.699 19.985 30.815 
15.706 19.975 30.853 
15.714 19.964 30.891 
15.721 19.953 30.93 
15.728 19.942 30.968 
15.736 19.931 31.006 
15.743 19.92 31.044 
15.751 19.909 31.083 
15.758 19.898 31.121 
15.765 19.887 31.159 
15.773 19.875 31.197 
15.78 19.864 31.235 
15.787 19.852 31.274 
15.794 19.84 31.312 
15.801 19.828 31.35 
15.809 19.816 31.388 
15.816 19.804 31.426 
15.823 19.792 31.464 
15.83 19.78 31.502 
15.837 19.768 31.54 
15.844 19.755 31.578 
15.851 19.743 31.616 
15.857 19.73 31.653 
15.864 19.717 31.691 
15.871 19.704 31.729 
15.878 19.691 31.767 
15.885 19.678 31.805 
15.891 19.665 31.843 
15.898 19.652 31.88 
15.905 19.639 31.918 
15.911 19.625 31.956 
15.918 19.612 31.993 
15.925 19.598 32.031 
15.931 19.584 32.069 
15.938 19.57 32.106 
15.944 19.556 32.144 
15.95 19.542 32.181 
15.957 19.528 32.219 
15.963 19.514 32.256 
15.97 19.499 32.294 
15.976 19.485 32.331 
15.982 19.47 32.368 
15.988 19.456 32.406 
15.994 19.441 32.443 
16.001 19.426 32.48 
16.007 19.411 32.518 
16.013 19.396 32.555 
16.019 19.381 32.592 
16.025 19.365 32.629 
16.031 19.35 32.666 
16.036 19.335 32.703 
16.042 19.319 32.74 
16.048 19.303 32.777 
16.054 19.287 32.814 
16.06 19.272 32.851 
16.065 19.256 32.888 
16.071 19.239 32.925 
16.077 19.223 32.962 
16.082 19.207 32.999 
16.088 19.191 33.036 
16.093 19.174 33.072 
16.099 19.157 33.109 
16.104 19.141 33.146 
16.11 19.124 33.182 
16.115 19.107 33.219 
16.12 19.09 33.255 
16.126 19.073 33.292 
16.131 19.056 33.328 
16.136 19.039 33.364 
16.141 19.021 33.401 
16.147 19.004 33.437 
16.152 18.986 33.473 
16.157 18.969 33.509 
16.162 18.951 33.545 
16.167 18.933 33.581 
16.172 18.915 33.617 
16.177 18.897 33.653 
16.182 18.879 33.689 
16.187 18.861 33.725 
16.192 18.843 33.76 
16.196 18.824 33.796 
16.201 18.806 33.832 
16.206 18.787 33.867 
16.211 18.769 33.903 
16.215 18.75 33.939 
16.22 18.731 33.974 
16.225 18.712 34.009 
16.229 18.693 34.045 
16.234 18.674 34.08 
16.238 18.655 34.115 
16.243 18.635 34.151 
16.247 18.616 34.186 
16.252 18.596 34.221 
16.256 18.577 34.256 
16.26 18.557 34.291 
16.264 18.537 34.326 
16.269 18.517 34.361 
16.273 18.497 34.395 
16.277 18.477 34.43 
16.281 18.457 34.465 
16.285 18.437 34.5 
16.289 18.416 34.534 
16.293 18.396 34.569 
16.297 18.375 34.603 
16.301 18.355 34.638 
16.305 18.334 34.672 
16.309 18.313 34.707 
16.313 18.292 34.741 
16.316 18.271 34.775 
16.32 18.25 34.809 
16.324 18.229 34.843 
16.327 18.207 34.877 
16.331 18.186 34.911 
16.334 18.164 34.945 
16.338 18.143 34.979 
16.341 18.121 35.013 
16.345 18.099 35.047 
16.348 18.077 35.081 
16.352 18.055 35.114 
16.355 18.033 35.148 
16.358 18.011 35.182 
16.361 17.988 35.215 
16.364 17.966 35.249 
16.368 17.943 35.282 
16.371 17.921 35.315 
16.374 17.898 35.349 
16.377 17.875 35.382 
16.38 17.852 35.415 
16.383 17.829 35.448 
16.385 17.806 35.481 
16.388 17.783 35.514 
16.391 17.76 35.547 
16.394 17.736 35.58 
16.396 17.713 35.613 
16.399 17.689 35.646 
16.402 17.665 35.678 
16.404 17.642 35.711 
16.407 17.618 35.744 
16.409 17.594 35.776 
16.411 17.57 35.809 
16.414 17.545 35.841 
16.416 17.521 35.873 
16.418 17.497 35.906 
16.421 17.472 35.938 
16.423 17.448 35.97 
16.425 17.423 36.002 
16.427 17.398 36.034 
16.429 17.373 36.066 
16.431 17.348 36.098 
16.433 17.323 36.13 
16.435 17.298 36.162 
16.437 17.273 36.194 
16.438 17.247 36.225 
16.44 17.222 36.257 
16.442 17.196 36.289 
16.444 17.17 36.32 
16.445 17.145 36.352 
16.447 17.119 36.383 
16.448 17.093 36.414 
16.45 17.067 36.446 
16.451 17.041 36.477 
16.452 17.014 36.508 
16.454 16.988 36.539 
16.455 16.962 36.57 
16.456 16.935 36.6 
16.458 16.909 36.631 
16.459 16.882 36.662 
16.46 16.856 36.692 
16.461 16.829 36.723 
16.462 16.802 36.753 
16.463 16.776 36.783 
16.464 16.749 36.813 
16.465 16.722 36.843 
16.465 16.695 36.873 
16.466 16.667 36.903 
16.467 16.64 36.933 
16.468 16.613 36.963 
16.468 16.586 36.992 
16.469 16.558 37.022 
16.469 16.531 37.051 
16.47 16.503 37.08 
16.47 16.476 37.11 
16.471 16.448 37.139 
16.471 16.42 37.168 
16.471 16.392 37.197 
16.472 16.364 37.225 
16.472 16.336 37.254 
16.472 16.308 37.283 
16.472 16.28 37.311 
16.472 16.252 37.34 
16.472 16.224 37.368 
16.472 16.195 37.397 
16.472 16.167 37.425 
16.472 16.138 37.453 
16.472 16.11 37.481 
16.472 16.081 37.509 
16.471 16.053 37.536 
16.471 16.024 37.564 
16.471 15.995 37.592 
16.47 15.966 37.619 
16.47 15.937 37.647 
16.469 15.908 37.674 
16.469 15.879 37.701 
16.468 15.85 37.728 
16.468 15.82 37.755 
16.467 15.791 37.782 
16.466 15.761 37.809 
16.465 15.732 37.836 
16.465 15.702 37.863 
16.464 15.673 37.889 
16.463 15.643 37.916 
16.462 15.613 37.942 
16.461 15.583 37.968 
16.46 15.553 37.994 
16.458 15.523 38.02 
16.457 15.493 38.046 
16.456 15.463 38.072 
16.455 15.433 38.098 
16.453 15.403 38.124 
16.452 15.372 38.149 
16.451 15.342 38.175 
16.449 15.311 38.2 
16.448 15.281 38.225 
16.446 15.25 38.251 
16.444 15.219 38.276 
16.443 15.189 38.301 
16.441 15.158 38.325 
16.439 15.127 38.35 
16.437 15.096 38.375 
16.435 15.065 38.4 
16.433 15.034 38.424 
16.431 15.002 38.448 
16.429 14.971 38.473 
16.427 14.94 38.497 
16.425 14.908 38.521 
16.423 14.877 38.545 
16.421 14.845 38.569 
16.418 14.814 38.593 
16.416 14.782 38.616 
16.414 14.75 38.64 
16.411 14.718 38.663 
16.409 14.686 38.687 
16.406 14.654 38.71 
16.403 14.622 38.733 
16.401 14.59 38.756 
16.398 14.558 38.779 
16.395 14.525 38.802 
16.392 14.493 38.825 
16.389 14.461 38.848 
16.386 14.428 38.87 
16.383 14.395 38.893 
16.38 14.363 38.915 
16.377 14.33 38.937 
16.374 14.297 38.959 
16.371 14.264 38.981 
16.368 14.231 39.003 
16.364 14.198 39.025 
16.361 14.165 39.047 
16.358 14.132 39.069 
16.354 14.099 39.09 
16.351 14.066 39.112 
16.347 14.032 39.133 
16.343 13.999 39.154 
16.34 13.966 39.175 
16.336 13.933 39.196 
16.332 13.899 39.217 
16.328 13.866 39.238 
16.324 13.832 39.258 
16.32 13.799 39.279 
16.316 13.765 39.299 
16.312 13.732 39.32 
16.308 13.698 39.34 
16.304 13.665 39.36 
16.3 13.631 39.38 
16.296 13.597 39.4 
16.291 13.564 39.419 
16.287 13.53 39.439 
16.283 13.496 39.458 
16.278 13.462 39.478 
16.274 13.429 39.497 
16.269 13.395 39.516 
16.265 13.361 39.535 
16.26 13.327 39.554 
16.255 13.293 39.573 
16.25 13.259 39.592 
16.246 13.225 39.61 
16.241 13.191 39.629 
16.236 13.157 39.647 
16.231 13.123 39.666 
16.226 13.089 39.684 
16.221 13.055 39.702 
16.216 13.021 39.72 
16.211 12.986 39.738 
16.205 12.952 39.755 
16.2 12.918 39.773 
16.195 12.884 39.79 
16.189 12.849 39.808 
16.184 12.815 39.825 
16.179 12.781 39.842 
16.173 12.746 39.859 
16.168 12.712 39.876 
16.162 12.678 39.893 
16.156 12.643 39.91 
16.151 12.609 39.926 
16.145 12.574 39.943 
16.139 12.54 39.959 
16.133 12.505 39.975 
16.127 12.471 39.991 
16.121 12.436 40.007 
16.115 12.402 40.023 
16.109 12.367 40.039 
16.103 12.332 40.055 
16.097 12.298 40.07 
16.091 12.263 40.086 
16.085 12.228 40.101 
16.079 12.194 40.117 
16.072 12.159 40.132 
16.066 12.124 40.147 
16.059 12.089 40.162 
16.053 12.055 40.176 
16.046 12.02 40.191 
16.04 11.985 40.206 
16.033 11.95 40.22 
16.027 11.915 40.235 
16.02 11.88 40.249 
16.013 11.845 40.263 
16.006 11.81 40.277 
16 11.775 40.291 
15.993 11.74 40.305 
15.986 11.705 40.318 
15.979 11.67 40.332 
15.972 11.635 40.346 
15.965 11.6 40.359 
15.958 11.565 40.372 
15.95 11.53 40.385 
15.943 11.495 40.398 
15.936 11.46 40.411 
15.929 11.425 40.424 
15.921 11.39 40.437 
15.914 11.355 40.449 
15.906 11.319 40.462 
15.899 11.284 40.474 
15.891 11.249 40.486 
15.884 11.214 40.499 
15.876 11.178 40.511 
15.869 11.143 40.523 
15.861 11.108 40.534 
15.853 11.073 40.546 
15.845 11.037 40.558 
15.838 11.002 40.569 
15.83 10.967 40.581 
15.822 10.931 40.592 
15.814 10.896 40.603 
15.806 10.861 40.614 
15.798 10.825 40.625 
15.79 10.79 40.636 
15.781 10.755 40.647 
15.773 10.719 40.657 
15.765 10.684 40.668 
15.757 10.648 40.678 
15.748 10.613 40.688 
15.74 10.578 40.698 
15.732 10.542 40.709 
15.723 10.507 40.718 
15.714 10.472 40.728 
15.706 10.436 40.738 
15.697 10.401 40.748 
15.689 10.366 40.757 
15.68 10.33 40.767 
15.671 10.295 40.776 
15.662 10.26 40.785 
15.653 10.224 40.794 
15.644 10.189 40.803 
15.636 10.154 40.812 
15.627 10.119 40.821 
15.617 10.083 40.829 
15.608 10.048 40.838 
15.599 10.013 40.846 
15.59 9.9779 40.854 
15.581 9.9428 40.862 
15.572 9.9076 40.871 
15.562 9.8725 40.878 
15.553 9.8374 40.886 
15.543 9.8023 40.894 
15.534 9.7672 40.902 
15.524 9.7321 40.909 
15.515 9.6971 40.917 
15.505 9.662 40.924 
15.496 9.627 40.931 
15.486 9.592 40.938 
15.476 9.557 40.945 
15.466 9.522 40.952 
15.457 9.487 40.959 
15.447 9.452 40.965 
15.437 9.4171 40.972 
15.427 9.3822 40.978 
15.417 9.3473 40.984 
15.407 9.3124 40.991 
15.397 9.2775 40.997 
15.387 9.2426 41.003 
15.376 9.2078 41.008 
15.366 9.1729 41.014 
15.356 9.1381 41.02 
15.346 9.1033 41.025 
15.335 9.0686 41.031 
15.325 9.0338 41.036 
15.315 8.999 41.041 
15.304 8.9643 41.046 
15.294 8.9296 41.051 
15.283 8.8949 41.056 
15.273 8.8602 41.061 
15.262 8.8256 41.065 
15.251 8.7909 41.07 
15.241 8.7563 41.074 
15.23 8.7217 41.079 
15.219 8.6871 41.083 
15.208 8.6526 41.087 
15.197 8.618 41.091 
15.186 8.5835 41.095 
15.176 8.549 41.098 
15.165 8.5145 41.102 
15.154 8.48 41.106 
15.142 8.4456 41.109 
15.131 8.4111 41.112 
15.12 8.3767 41.115 
15.109 8.3423 41.118 
15.098 8.3079 41.121 
15.087 8.2736 41.124 
15.075 8.2393 41.127 
15.064 8.2049 41.13 
15.053 8.1706 41.132 
15.041 8.1364 41.134 
15.03 8.1021 41.137 
15.018 8.0679 41.139 
15.007 8.0337 41.141 
14.995 7.9995 41.143 
14.984 7.9653 41.145 
14.972 7.9312 41.147 
14.96 7.8971 41.148 
14.949 7.863 41.15 
14.937 7.8289 41.151 
14.925 7.7948 41.152 
14.913 7.7608 41.154 
14.902 7.7268 41.155 
14.89 7.6928 41.156 
14.878 7.6588 41.156 
14.866 7.6249 41.157 
14.854 7.5909 41.158 
14.842 7.557 41.158 
14.83 7.5232 41.159 
14.818 7.4893 41.159 
14.806 7.4555 41.159 
14.793 7.4217 41.159 
14.781 7.3879 41.159 
14.769 7.3541 41.159 
14.757 7.3204 41.159 
14.745 7.2867 41.158 
14.732 7.253 41.158 
