1 3
0 0.2
0 9.97 9.96 10 
1 9.95 10.9 10.5 
2 10 11.7 11 
3 10.1 12.5 11.5 
4 10.2 13.4 12.1 
5 10.4 14.1 12.8 
6 10.6 14.9 13.5 
7 10.8 15.6 14.2 
8 11.1 16.3 14.9 
9 11.4 16.9 15.8 
10 11.6 17.5 16.6 
11 11.9 18.1 17.5 
12 12.3 18.6 18.5 
13 12.6 19.1 19.5 
14 13 19.5 20.6 
15 13.3 19.8 21.7 
16 13.7 20.2 22.8 
17 14.1 20.4 24.1 
18 14.4 20.5 25.3 
19 14.7 20.6 26.6 
20 15.1 20.6 27.9 
21 15.4 20.3 29.2 
22 15.6 20.1 30.4 
23 15.9 19.8 31.7 
24 16.1 19.2 33 
25 16.3 18.7 34.2 
26 16.4 18 35.3 
27 16.4 17.1 36.4 
28 16.5 16.3 37.4 
29 16.5 15.3 38.3 
30 16.4 14.2 39 
31 16.2 13.1 39.8 
32 16 11.9 40.3 
33 15.8 10.7 40.7 
34 15.5 9.54 41 
35 15.1 8.38 41.2 
36 14.7 7.25 41.2 
