0 0.00053514 
0.0027778 0.031927 
0.0055556 0.061676 
0.0083333 0.089838 
0.011111 0.11646 
0.013889 0.14161 
0.016667 0.16533 
0.019444 0.18768 
0.022222 0.2087 
0.025 0.22846 
0.027778 0.24701 
0.030556 0.2644 
0.033333 0.28068 
0.036111 0.29592 
0.038889 0.31015 
0.041667 0.32344 
0.044444 0.33585 
0.047222 0.34741 
0.05 0.35819 
0.052778 0.36825 
0.055556 0.37762 
0.058333 0.38638 
0.061111 0.39457 
0.063889 0.40224 
0.066667 0.40946 
0.069444 0.41626 
0.072222 0.42271 
0.075 0.42877 
0.077778 0.43442 
0.080556 0.43967 
0.083333 0.44455 
0.086111 0.44906 
0.088889 0.45322 
0.091667 0.45704 
0.094444 0.46054 
0.097222 0.46372 
0.1 0.46661 
0.10278 0.4692 
0.10556 0.47153 
0.10833 0.4736 
0.11111 0.47542 
0.11389 0.47701 
0.11667 0.47838 
0.11944 0.47955 
0.12222 0.48053 
0.125 0.48132 
0.12778 0.48195 
0.13056 0.48243 
0.13333 0.48277 
0.13611 0.48299 
0.13889 0.48309 
0.14167 0.4831 
0.14444 0.48302 
0.14722 0.48283 
0.15 0.48255 
0.15278 0.48218 
0.15556 0.48171 
0.15833 0.48116 
0.16111 0.48052 
0.16389 0.4798 
0.16667 0.479 
0.16944 0.47813 
0.17222 0.47719 
0.175 0.47618 
0.17778 0.4751 
0.18056 0.47397 
0.18333 0.47278 
0.18611 0.47153 
0.18889 0.47023 
0.19167 0.46888 
0.19444 0.46749 
0.19722 0.46606 
0.2 0.46459 
0.20278 0.46309 
0.20556 0.46156 
0.20833 0.46 
0.21111 0.45841 
0.21389 0.45681 
0.21667 0.45518 
0.21944 0.45354 
0.22222 0.45187 
0.225 0.45018 
0.22778 0.44848 
0.23056 0.44675 
0.23333 0.44501 
0.23611 0.44325 
0.23889 0.44148 
0.24167 0.43969 
0.24444 0.43789 
0.24722 0.43607 
0.25 0.43424 
0.25278 0.4324 
0.25556 0.43055 
0.25833 0.42869 
0.26111 0.42682 
0.26389 0.42494 
0.26667 0.42305 
0.26944 0.42116 
0.27222 0.41926 
0.275 0.41735 
0.27778 0.41544 
0.28056 0.41353 
0.28333 0.41161 
0.28611 0.40969 
0.28889 0.40777 
0.29167 0.40585 
0.29444 0.40392 
0.29722 0.40199 
0.3 0.40006 
0.30278 0.39813 
0.30556 0.39619 
0.30833 0.39425 
0.31111 0.39232 
0.31389 0.39038 
0.31667 0.38844 
0.31944 0.3865 
0.32222 0.38456 
0.325 0.38262 
0.32778 0.38068 
0.33056 0.37875 
0.33333 0.37681 
0.33611 0.37487 
0.33889 0.37294 
0.34167 0.371 
0.34444 0.36907 
0.34722 0.36714 
0.35 0.36521 
0.35278 0.36329 
0.35556 0.36137 
0.35833 0.35945 
0.36111 0.35753 
0.36389 0.35562 
0.36667 0.35371 
0.36944 0.3518 
0.37222 0.3499 
0.375 0.348 
0.37778 0.3461 
0.38056 0.34421 
0.38333 0.34231 
0.38611 0.34043 
0.38889 0.33854 
0.39167 0.33666 
0.39444 0.33478 
0.39722 0.33291 
0.4 0.33104 
0.40278 0.32917 
0.40556 0.32731 
0.40833 0.32545 
0.41111 0.32359 
0.41389 0.32174 
0.41667 0.31989 
0.41944 0.31804 
0.42222 0.3162 
0.425 0.31436 
0.42778 0.31253 
0.43056 0.3107 
0.43333 0.30887 
0.43611 0.30705 
0.43889 0.30523 
0.44167 0.30341 
0.44444 0.3016 
0.44722 0.29979 
0.45 0.29798 
0.45278 0.29618 
0.45556 0.29437 
0.45833 0.29258 
0.46111 0.29078 
0.46389 0.28899 
0.46667 0.2872 
0.46944 0.28541 
0.47222 0.28363 
0.475 0.28185 
0.47778 0.28007 
0.48056 0.2783 
0.48333 0.27653 
0.48611 0.27476 
0.48889 0.27299 
0.49167 0.27123 
0.49444 0.26947 
0.49722 0.26771 
0.5 0.26595 
0.50278 0.2642 
0.50556 0.26245 
0.50833 0.26071 
0.51111 0.25897 
0.51389 0.25723 
0.51667 0.2555 
0.51944 0.25377 
0.52222 0.25204 
0.525 0.25032 
0.52778 0.2486 
0.53056 0.24689 
0.53333 0.24518 
0.53611 0.24347 
0.53889 0.24176 
0.54167 0.24006 
0.54444 0.23836 
0.54722 0.23667 
0.55 0.23498 
0.55278 0.23329 
0.55556 0.2316 
0.55833 0.22992 
0.56111 0.22824 
0.56389 0.22656 
0.56667 0.22489 
0.56944 0.22322 
0.57222 0.22155 
0.575 0.21989 
0.57778 0.21822 
0.58056 0.21656 
0.58333 0.21491 
0.58611 0.21326 
0.58889 0.21161 
0.59167 0.20996 
0.59444 0.20831 
0.59722 0.20667 
0.6 0.20504 
0.60278 0.2034 
0.60556 0.20177 
0.60833 0.20014 
0.61111 0.19852 
0.61389 0.1969 
0.61667 0.19528 
0.61944 0.19366 
0.62222 0.19205 
0.625 0.19044 
0.62778 0.18884 
0.63056 0.18724 
0.63333 0.18564 
0.63611 0.18405 
0.63889 0.18246 
0.64167 0.18087 
0.64444 0.17929 
0.64722 0.17771 
0.65 0.17613 
0.65278 0.17456 
0.65556 0.17299 
0.65833 0.17142 
0.66111 0.16986 
0.66389 0.1683 
0.66667 0.16675 
0.66944 0.1652 
0.67222 0.16365 
0.675 0.16211 
0.67778 0.16057 
0.68056 0.15903 
0.68333 0.15749 
0.68611 0.15596 
0.68889 0.15444 
0.69167 0.15291 
0.69444 0.15139 
0.69722 0.14988 
0.7 0.14837 
0.70278 0.14686 
0.70556 0.14535 
0.70833 0.14385 
0.71111 0.14235 
0.71389 0.14085 
0.71667 0.13936 
0.71944 0.13787 
0.72222 0.13639 
0.725 0.13491 
0.72778 0.13343 
0.73056 0.13195 
0.73333 0.13048 
0.73611 0.12902 
0.73889 0.12755 
0.74167 0.1261 
0.74444 0.12464 
0.74722 0.12319 
0.75 0.12174 
0.75278 0.12029 
0.75556 0.11885 
0.75833 0.11741 
0.76111 0.11598 
0.76389 0.11455 
0.76667 0.11312 
0.76944 0.1117 
0.77222 0.11028 
0.775 0.10886 
0.77778 0.10745 
0.78056 0.10604 
0.78333 0.10464 
0.78611 0.10324 
0.78889 0.10184 
0.79167 0.10044 
0.79444 0.099046 
0.79722 0.097653 
0.8 0.096262 
0.80278 0.094874 
0.80556 0.093487 
0.80833 0.092103 
0.81111 0.09072 
0.81389 0.08934 
0.81667 0.087961 
0.81944 0.086585 
0.82222 0.085211 
0.825 0.083838 
0.82778 0.082468 
0.83056 0.0811 
0.83333 0.079733 
0.83611 0.078369 
0.83889 0.077007 
0.84167 0.075646 
0.84444 0.074288 
0.84722 0.072931 
0.85 0.071577 
0.85278 0.070224 
0.85556 0.068873 
0.85833 0.067524 
0.86111 0.066177 
0.86389 0.064832 
0.86667 0.063489 
0.86944 0.062147 
0.87222 0.060807 
0.875 0.059468 
0.87778 0.05813 
0.88056 0.056794 
0.88333 0.055459 
0.88611 0.054125 
0.88889 0.052791 
0.89167 0.051459 
0.89444 0.050128 
0.89722 0.048797 
0.9 0.047467 
0.90278 0.046137 
0.90556 0.044808 
0.90833 0.043479 
0.91111 0.042151 
0.91389 0.040822 
0.91667 0.039494 
0.91944 0.038165 
0.92222 0.036837 
0.925 0.035508 
0.92778 0.034179 
0.93056 0.03285 
0.93333 0.031521 
0.93611 0.030192 
0.93889 0.028863 
0.94167 0.027535 
0.94444 0.026206 
0.94722 0.024877 
0.95 0.023548 
0.95278 0.022219 
0.95556 0.020889 
0.95833 0.019558 
0.96111 0.018227 
0.96389 0.016895 
0.96667 0.015562 
0.96944 0.014228 
0.97222 0.012893 
0.975 0.011557 
0.97778 0.010219 
0.98056 0.0088798 
0.98333 0.0075391 
0.98611 0.0061968 
0.98889 0.0048527 
0.99167 0.0035067 
0.99444 0.0021588 
0.99722 0.00080886 
1 -0.00054329 
